5		 66.0	
6		 65.0	
7		 66.0	
8		 67.0	
9		 65.0	
10		66.0	
11		67.0	
12		66.0	
13		67.0	
14		66.0	
15		66.0	
16		65.0	
17		66.0	
18		65.0	
19		66.0	
20		65.0	
21		66.0	
22		65.0	
23		65.0	
24		67.0	
25		65.0	
26		65.0	
27		65.0	
28		65.0	
29		66.0	
30		65.0	
31		66.0	
32		65.0	
33		65.0	
34		64.0	
35		65.0	
36		65.0	
37		64.0	
38		66.0	
39		65.0	
40		66.0	
41		65.0	
42		65.0	
43		66.0	
44		65.0	
45		65.0	
46		65.0	
47		65.0	
48		66.0	
49		64.0	
50		66.0	
51		65.0	
52		66.0	
53		66.0	
54		65.0	
55		65.0	
56		64.0	
57		66.0	
58		64.0	
59		66.0	
60		64.0	
61		65.0	
62		65.0	
63		65.0	
64		66.0	
65		65.0	
66		64.0	
67		66.0	
68		66.0	
69		65.0	
70		65.0	
71		65.0	
72		65.0	
73		65.0	
74		65.0	
75		65.0	
76		66.0	
77		65.0	
78		65.0	
79		65.0	
80		65.0	
81		65.0	
82		65.0	
83		64.0	
84		65.0	
85		66.0	
86		66.0	
87		65.0	
88		64.0	
89		65.0	
90		66.0	
91		66.0	
92		65.0	
93		65.0	
94		64.0	
95		65.0	
96		65.0	
97		66.0	
98		65.0	
99		64.0	
100		65.0	
101		64.0	
102		65.0	
103		65.0	
104		65.0	
105		66.0	
106		66.0	
107		64.0	
108		65.0	
109		65.0	
110		65.0	
111		64.0	
112		65.0	
113		65.0	
114		65.0	
115		65.0	
116		65.0	
117		65.0	
118		64.0	
119		65.0	
120		65.0	
121		66.0	
122		65.0	
123		65.0	
124		65.0	
125		66.0	
126		66.0	
127		65.0	
128		65.0	
129		65.0	
130		64.0	
131		66.0	
132		65.0	
133		66.0	
134		65.0	
135		65.0	
136		66.0	
137		65.0	
138		66.0	
139		65.0	
140		65.0	
141		65.0	
142		65.0	
143		66.0	
144		65.0	
145		66.0	
146		65.0	
147		65.0	
148		65.0	
149		65.0	
150		66.0	
151		65.0	
152		64.0	
153		65.0	
154		65.0	
155		64.0	
156		66.0	
157		65.0	
158		64.0	
159		65.0	
160		65.0	
161		65.0	
162		65.0	
163		65.0	
164		65.0	
165		65.0	
166		66.0	
167		66.0	
168		65.0	
169		65.0	
170		66.0	
171		65.0	
172		65.0	
173		66.0	
174		66.0	
175		66.0	
176		65.0	
177		66.0	
178		66.0	
179		65.0	
180		65.0	
181		65.0	
182		66.0	
183		65.0	
184		65.0	
185		65.0	
186		66.0	
187		65.0	
188		66.0	
189		66.0	
190		65.0	
191		65.0	
192		66.0	
193		66.0	
194		65.0	
195		66.0	
196		66.0	
197		65.0	
198		66.0	
199		66.0	
200		66.0	
201		66.0	
202		65.0	
203		65.0	
204		66.0	
205		66.0	
206		66.0	
207		65.0	
208		66.0	
209		66.0	
210		65.0	
211		65.0	
212		65.0	
213		66.0	
214		66.0	
215		65.0	
216		66.0	
217		67.0	
218		66.0	
219		66.0	
220		66.0	
221		65.0	
222		66.0	
223		66.0	
224		65.0	
225		66.0	
226		66.0	
227		66.0	
228		66.0	
229		66.0	
230		65.0	
231		66.0	
232		66.0	
233		66.0	
234		65.0	
235		65.0	
236		65.0	
237		66.0	
238		66.0	
239		66.0	
240		66.0	
241		66.0	
242		66.0	
243		66.0	
244		66.0	
245		66.0	
246		66.0	
247		66.0	
248		67.0	
249		67.0	
250		66.0	
251		66.0	
252		65.0	
253		67.0	
254		66.0	
255		66.0	
256		66.0	
257		66.0	
258		67.0	
259		66.0	
260		66.0	
261		66.0	
262		66.0	
263		67.0	
264		67.0	
265		66.0	
266		66.0	
267		65.0	
268		66.0	
269		66.0	
270		67.0	
271		66.0	
272		66.0	
273		66.0	
274		66.0	
275		65.0	
276		65.0	
277		66.0	
278		65.0	
279		66.0	
280		66.0	
281		66.0	
282		66.0	
283		66.0	
284		66.0	
285		66.0	
286		66.0	
287		67.0	
288		65.0	
289		66.0	
290		65.0	
291		65.0	
292		66.0	
293		66.0	
294		65.0	
295		66.0	
296		66.0	
297		66.0	
298		65.0	
299		66.0	
300		66.0	
301		66.0	
302		66.0	
303		66.0	
304		65.0	
305		66.0	
306		67.0	
307		67.0	
308		66.0	
309		66.0	
310		66.0	
311		66.0	
312		66.0	
313		66.0	
314		66.0	
315		66.0	
316		66.0	
317		66.0	
318		66.0	
319		66.0	
320		67.0	
321		66.0	
322		66.0	
323		66.0	
324		67.0	
325		67.0	
326		67.0	
327		66.0	
328		66.0	
329		67.0	
330		68.0	
331		66.0	
332		67.0	
333		66.0	
334		67.0	
335		66.0	
336		66.0	
337		67.0	
338		66.0	
339		66.0	
340		66.0	
341		66.0	
342		66.0	
343		66.0	
344		67.0	
345		66.0	
346		66.0	
347		68.0	
348		67.0	
349		67.0	
350		66.0	
351		67.0	
352		66.0	
353		67.0	
354		67.0	
355		66.0	
356		66.0	
357		66.0	
358		67.0	
359		65.0	
360		66.0	
361		67.0	
362		67.0	
363		67.0	
364		66.0	
365		66.0	
366		67.0	
367		66.0	
368		66.0	
369		67.0	
370		66.0	
371		66.0	
372		67.0	
373		67.0	
374		66.0	
375		66.0	
376		66.0	
377		66.0	
378		66.0	
379		66.0	
380		66.0	
381		66.0	
382		66.0	
383		66.0	
384		67.0	
385		67.0	
386		66.0	
387		67.0	
388		66.0	
389		67.0	
390		67.0	
391		66.0	
392		67.0	
393		66.0	
394		67.0	
395		66.0	
396		67.0	
397		67.0	
398		66.0	
399		66.0	
400		66.0	
401		66.0	
402		66.0	
403		67.0	
404		67.0	
405		66.0	
406		67.0	
407		67.0	
408		67.0	
409		66.0	
410		67.0	
411		67.0	
412		66.0	
413		66.0	
414		66.0	
415		66.0	
416		68.0	
417		65.0	
418		65.0	
419		66.0	
420		66.0	
421		66.0	
422		66.0	
423		67.0	
424		67.0	
425		66.0	
426		67.0	
427		66.0	
428		67.0	
429		66.0	
430		67.0	
431		66.0	
432		66.0	
433		66.0	
434		66.0	
435		66.0	
436		67.0	
437		68.0	
438		66.0	
439		66.0	
440		66.0	
441		66.0	
442		66.0	
443		66.0	
444		67.0	
445		67.0	
446		66.0	
447		67.0	
448		66.0	
449		66.0	
450		66.0	
451		66.0	
452		66.0	
453		65.0	
454		66.0	
455		66.0	
456		66.0	
457		67.0	
458		67.0	
459		66.0	
460		66.0	
461		66.0	
462		67.0	
463		67.0	
464		67.0	
465		66.0	
466		66.0	
467		67.0	
468		66.0	
469		67.0	
470		66.0	
471		66.0	
472		66.0	
473		67.0	
474		67.0	
475		66.0	
476		67.0	
477		66.0	
478		66.0	
479		66.0	
480		66.0	
481		65.0	
482		67.0	
483		66.0	
484		66.0	
485		66.0	
486		66.0	
487		67.0	
488		66.0	
489		65.0	
490		66.0	
491		67.0	
492		66.0	
493		66.0	
494		67.0	
495		66.0	
496		66.0	
497		66.0	
498		67.0	
499		66.0	
500		66.0	
501		65.0	
502		66.0	
503		65.0	
504		66.0	
505		67.0	
506		67.0	
507		65.0	
508		67.0	
509		66.0	
510		67.0	
511		67.0	
512		66.0	
513		66.0	
514		66.0	
515		67.0	
516		66.0	
517		67.0	
518		66.0	
519		66.0	
520		66.0	
521		67.0	
522		66.0	
523		66.0	
524		66.0	
525		67.0	
526		66.0	
527		67.0	
528		66.0	
529		66.0	
530		65.0	
531		67.0	
532		67.0	
533		66.0	
534		66.0	
535		66.0	
536		66.0	
537		67.0	
538		66.0	
539		66.0	
540		66.0	
541		66.0	
542		66.0	
543		66.0	
544		65.0	
545		65.0	
546		66.0	
547		66.0	
548		66.0	
549		66.0	
550		66.0	
551		67.0	
552		66.0	
553		66.0	
554		67.0	
555		66.0	
556		66.0	
557		66.0	
558		67.0	
559		67.0	
560		66.0	
561		66.0	
562		66.0	
563		65.0	
564		63.0	
565		62.0	
566		61.0	
567		60.0	
568		60.0	
569		59.0	
570		60.0	
571		58.0	
572		58.0	
573		57.0	
574		58.0	
575		57.0	
576		56.0	
577		57.0	
578		57.0	
579		57.0	
580		56.0	
581		56.0	
582		55.0	
583		56.0	
584		55.0	
585		55.0	
586		55.0	
587		54.0	
588		55.0	
589		55.0	
590		55.0	
591		55.0	
592		54.0	
593		55.0	
594		55.0	
595		54.0	
596		54.0	
597		54.0	
598		54.0	
599		53.0	
600		54.0	
601		54.0	
602		53.0	
603		53.0	
604		53.0	
605		54.0	
606		53.0	
607		54.0	
608		53.0	
609		53.0	
610		53.0	
611		53.0	
612		54.0	
613		52.0	
614		53.0	
615		53.0	
616		53.0	
617		53.0	
618		53.0	
619		53.0	
620		52.0	
621		52.0	
622		52.0	
623		53.0	
624		53.0	
625		52.0	
626		52.0	
627		52.0	
628		53.0	
629		52.0	
630		53.0	
631		51.0	
632		51.0	
633		52.0	
634		52.0	
635		52.0	
636		51.0	
637		53.0	
638		54.0	
639		54.0	
640		55.0	
641		56.0	
642		56.0	
643		57.0	
644		57.0	
645		58.0	
646		57.0	
647		58.0	
648		58.0	
649		58.0	
650		57.0	
651		57.0	
652		58.0	
653		58.0	
654		59.0	
655		58.0	
656		58.0	
657		58.0	
658		58.0	
659		59.0	
660		59.0	
661		58.0	
662		59.0	
663		59.0	
664		59.0	
665		59.0	
666		59.0	
667		60.0	
668		60.0	
669		60.0	
670		59.0	
671		60.0	
672		60.0	
673		61.0	
674		61.0	
675		61.0	
676		61.0	
677		61.0	
678		60.0	
679		61.0	
680		61.0	
681		61.0	
682		62.0	
683		62.0	
684		61.0	
685		62.0	
686		62.0	
687		62.0	
688		60.0	
689		62.0	
690		62.0	
691		62.0	
692		62.0	
693		62.0	
694		62.0	
695		63.0	
696		61.0	
697		63.0	
698		63.0	
699		62.0	
700		62.0	
701		62.0	
702		63.0	
703		63.0	
704		63.0	
705		63.0	
706		62.0	
707		63.0	
708		63.0	
709		63.0	
710		63.0	
711		63.0	
712		63.0	
713		62.0	
714		62.0	
715		63.0	
716		63.0	
717		62.0	
718		63.0	
719		64.0	
720		64.0	
721		63.0	
722		63.0	
723		63.0	
724		63.0	
725		63.0	
726		64.0	
727		64.0	
728		65.0	
729		64.0	
730		63.0	
731		63.0	
732		64.0	
733		63.0	
734		64.0	
735		63.0	
736		64.0	
737		64.0	
738		64.0	
739		64.0	
740		63.0	
741		64.0	
742		63.0	
743		63.0	
744		64.0	
745		64.0	
746		64.0	
747		64.0	
748		63.0	
749		63.0	
750		64.0	
751		63.0	
752		64.0	
753		64.0	
754		64.0	
755		64.0	
756		64.0	
757		64.0	
758		64.0	
759		63.0	
760		64.0	
761		65.0	
762		65.0	
763		64.0	
764		65.0	
765		64.0	
766		64.0	
767		64.0	
768		65.0	
769		65.0	
770		64.0	
771		65.0	
772		65.0	
773		64.0	
774		64.0	
775		65.0	
776		65.0	
777		65.0	
778		64.0	
779		65.0	
780		64.0	
781		65.0	
782		65.0	
783		63.0	
784		64.0	
785		65.0	
786		65.0	
787		65.0	
788		65.0	
789		64.0	
790		64.0	
791		65.0	
792		64.0	
793		64.0	
794		65.0	
795		65.0	
796		65.0	
797		65.0	
798		65.0	
799		64.0	
800		65.0	
801		64.0	
802		65.0	
803		66.0	
804		65.0	
805		66.0	
806		65.0	
807		66.0	
808		65.0	
809		66.0	
810		64.0	
811		65.0	
812		65.0	
813		65.0	
814		64.0	
815		64.0	
816		64.0	
817		65.0	
818		65.0	
819		65.0	
820		64.0	
821		64.0	
822		66.0	
823		65.0	
824		66.0	
825		65.0	
826		65.0	
827		65.0	
828		64.0	
829		65.0	
830		65.0	
831		64.0	
832		66.0	
833		65.0	
834		66.0	
835		65.0	
836		65.0	
837		64.0	
838		64.0	
839		64.0	
840		65.0	
841		65.0	
842		65.0	
843		65.0	
844		65.0	
845		65.0	
846		65.0	
847		65.0	
848		65.0	
849		65.0	
850		65.0	
851		65.0	
852		64.0	
853		64.0	
854		64.0	
855		65.0	
856		64.0	
857		64.0	
858		66.0	
859		65.0	
860		65.0	
861		65.0	
862		64.0	
863		66.0	
864		66.0	
865		65.0	
866		66.0	
867		65.0	
868		64.0	
869		65.0	
870		64.0	
871		66.0	
872		65.0	
873		65.0	
874		65.0	
875		65.0	
876		66.0	
877		65.0	
878		66.0	
879		65.0	
880		66.0	
881		65.0	
882		64.0	
883		65.0	
884		65.0	
885		66.0	
886		65.0	
887		65.0	
888		65.0	
889		65.0	
890		64.0	
891		66.0	
892		65.0	
893		65.0	
894		65.0	
895		66.0	
896		65.0	
897		65.0	
898		66.0	
899		65.0	
900		66.0	
901		65.0	
902		64.0	
903		65.0	
904		66.0	
905		65.0	
906		65.0	
907		65.0	
908		64.0	
909		65.0	
910		65.0	
911		65.0	
912		66.0	
913		65.0	
914		65.0	
915		66.0	
916		66.0	
917		65.0	
918		65.0	
919		65.0	
920		65.0	
921		65.0	
922		65.0	
923		65.0	
924		66.0	
925		65.0	
926		65.0	
927		65.0	
928		65.0	
929		65.0	
930		65.0	
931		66.0	
932		66.0	
933		65.0	
934		65.0	
935		65.0	
936		66.0	
937		65.0	
938		65.0	
939		65.0	
940		66.0	
941		65.0	
942		65.0	
943		65.0	
944		65.0	
945		66.0	
946		66.0	
947		65.0	
948		65.0	
949		66.0	
950		66.0	
951		64.0	
952		66.0	
953		65.0	
954		65.0	
955		66.0	
956		65.0	
957		65.0	
958		65.0	
959		65.0	
960		66.0	
961		66.0	
962		65.0	
963		65.0	
964		66.0	
965		66.0	
966		66.0	
967		66.0	
968		64.0	
969		63.0	
970		61.0	
971		61.0	
972		60.0	
973		60.0	
974		59.0	
975		59.0	
976		58.0	
977		56.0	
978		58.0	
979		56.0	
980		57.0	
981		56.0	
982		56.0	
983		56.0	
984		56.0	
985		55.0	
986		55.0	
987		55.0	
988		54.0	
989		55.0	
990		54.0	
991		54.0	
992		55.0	
993		55.0	
994		54.0	
995		55.0	
996		55.0	
997		54.0	
998		55.0	
999		54.0	
1000		54.0	
1001		54.0	
1002		54.0	
1003		54.0	
1004		54.0	
1005		54.0	
1006		53.0	
1007		53.0	
1008		54.0	
1009		52.0	
1010		54.0	
1011		54.0	
1012		54.0	
1013		53.0	
1014		53.0	
1015		53.0	
1016		53.0	
1017		53.0	
1018		54.0	
1019		52.0	
1020		52.0	
1021		53.0	
1022		53.0	
1023		52.0	
1024		52.0	
1025		53.0	
1026		52.0	
1027		53.0	
1028		51.0	
1029		52.0	
1030		52.0	
1031		52.0	
1032		53.0	
1033		52.0	
1034		51.0	
1035		51.0	
1036		51.0	
1037		52.0	
1038		51.0	
1039		51.0	
1040		52.0	
1041		52.0	
1042		51.0	
1043		52.0	
1044		52.0	
1045		52.0	
1046		53.0	
1047		52.0	
1048		51.0	
1049		51.0	
1050		51.0	
1051		51.0	
1052		51.0	
1053		51.0	
1054		52.0	
1055		50.0	
1056		52.0	
1057		50.0	
1058		51.0	
1059		51.0	
1060		51.0	
1061		50.0	
1062		50.0	
1063		51.0	
1064		50.0	
1065		50.0	
1066		50.0	
1067		51.0	
1068		50.0	
1069		50.0	
1070		50.0	
1071		50.0	
1072		51.0	
1073		50.0	
1074		50.0	
1075		50.0	
1076		50.0	
1077		51.0	
1078		50.0	
1079		49.0	
1080		50.0	
1081		50.0	
1082		50.0	
1083		50.0	
1084		49.0	
1085		50.0	
1086		49.0	
1087		50.0	
1088		50.0	
1089		50.0	
1090		48.0	
1091		49.0	
1092		49.0	
1093		49.0	
1094		50.0	
1095		51.0	
1096		50.0	
1097		50.0	
1098		49.0	
1099		49.0	
1100		49.0	
1101		49.0	
1102		49.0	
1103		50.0	
1104		49.0	
1105		49.0	
1106		50.0	
1107		49.0	
1108		49.0	
1109		51.0	
1110		52.0	
1111		52.0	
1112		52.0	
1113		54.0	
1114		53.0	
1115		54.0	
1116		54.0	
1117		54.0	
1118		55.0	
1119		53.0	
1120		53.0	
1121		52.0	
1122		52.0	
1123		52.0	
1124		51.0	
1125		51.0	
1126		52.0	
1127		51.0	
1128		51.0	
1129		50.0	
1130		50.0	
1131		51.0	
1132		50.0	
1133		50.0	
1134		51.0	
1135		50.0	
1136		51.0	
1137		50.0	
1138		50.0	
1139		50.0	
1140		50.0	
1141		51.0	
1142		50.0	
1143		49.0	
1144		50.0	
1145		50.0	
1146		50.0	
1147		50.0	
1148		50.0	
1149		49.0	
1150		49.0	
1151		50.0	
1152		50.0	
1153		50.0	
1154		50.0	
1155		51.0	
1156		50.0	
1157		51.0	
1158		50.0	
1159		50.0	
1160		50.0	
1161		50.0	
1162		50.0	
1163		49.0	
1164		50.0	
1165		49.0	
1166		49.0	
1167		51.0	
1168		50.0	
1169		49.0	
1170		49.0	
1171		49.0	
1172		51.0	
1173		50.0	
1174		49.0	
1175		50.0	
1176		49.0	
1177		49.0	
1178		49.0	
1179		50.0	
1180		51.0	
1181		51.0	
1182		51.0	
1183		51.0	
1184		51.0	
1185		51.0	
1186		50.0	
1187		51.0	
1188		50.0	
1189		51.0	
1190		49.0	
1191		50.0	
1192		50.0	
1193		50.0	
1194		48.0	
1195		50.0	
1196		50.0	
1197		48.0	
1198		50.0	
1199		49.0	
1200		51.0	
1201		49.0	
1202		48.0	
1203		50.0	
1204		49.0	
1205		49.0	
1206		49.0	
1207		49.0	
1208		49.0	
1209		49.0	
1210		49.0	
1211		49.0	
1212		49.0	
1213		49.0	
1214		50.0	
1215		49.0	
1216		49.0	
1217		49.0	
1218		48.0	
1219		50.0	
1220		49.0	
1221		50.0	
1222		50.0	
1223		49.0	
1224		49.0	
1225		50.0	
1226		50.0	
1227		49.0	
1228		49.0	
1229		49.0	
1230		50.0	
1231		50.0	
1232		50.0	
1233		50.0	
1234		50.0	
1235		49.0	
1236		50.0	
1237		48.0	
1238		49.0	
1239		49.0	
1240		49.0	
1241		48.0	
1242		49.0	
1243		50.0	
1244		50.0	
1245		49.0	
1246		49.0	
1247		50.0	
1248		49.0	
1249		48.0	
1250		49.0	
1251		49.0	
1252		50.0	
1253		48.0	
1254		49.0	
1255		49.0	
1256		49.0	
1257		48.0	
1258		50.0	
1259		49.0	
1260		48.0	
1261		49.0	
1262		49.0	
1263		48.0	
1264		49.0	
1265		50.0	
1266		49.0	
1267		50.0	
1268		48.0	
1269		49.0	
1270		49.0	
1271		48.0	
1272		48.0	
1273		48.0	
1274		48.0	
1275		49.0	
1276		49.0	
1277		49.0	
1278		49.0	
1279		49.0	
1280		49.0	
1281		49.0	
1282		48.0	
1283		50.0	
1284		48.0	
1285		48.0	
1286		49.0	
1287		49.0	
1288		49.0	
1289		49.0	
1290		49.0	
1291		50.0	
1292		50.0	
1293		49.0	
1294		48.0	
1295		49.0	
1296		48.0	
1297		48.0	
1298		49.0	
1299		48.0	
1300		48.0	
1301		49.0	
1302		48.0	
1303		48.0	
1304		50.0	
1305		48.0	
1306		49.0	
1307		49.0	
1308		49.0	
1309		48.0	
1310		48.0	
1311		49.0	
1312		50.0	
1313		49.0	
1314		47.0	
1315		48.0	
1316		49.0	
1317		48.0	
1318		49.0	
1319		49.0	
1320		49.0	
1321		50.0	
1322		49.0	
1323		48.0	
1324		48.0	
1325		49.0	
1326		49.0	
1327		49.0	
1328		49.0	
1329		48.0	
1330		49.0	
1331		49.0	
1332		50.0	
1333		49.0	
1334		48.0	
1335		48.0	
1336		49.0	
1337		49.0	
1338		49.0	
1339		49.0	
1340		49.0	
1341		48.0	
1342		49.0	
1343		50.0	
1344		48.0	
1345		48.0	
1346		48.0	
1347		49.0	
1348		49.0	
1349		49.0	
1350		50.0	
1351		49.0	
1352		49.0	
1353		48.0	
1354		49.0	
1355		49.0	
1356		49.0	
1357		48.0	
1358		49.0	
1359		49.0	
1360		49.0	
1361		48.0	
1362		49.0	
1363		49.0	
1364		49.0	
1365		48.0	
1366		48.0	
1367		49.0	
1368		49.0	
1369		48.0	
1370		48.0	
1371		48.0	
1372		49.0	
1373		48.0	
1374		49.0	
1375		48.0	
1376		48.0	
1377		48.0	
1378		49.0	
1379		48.0	
1380		48.0	
1381		48.0	
1382		48.0	
1383		49.0	
1384		49.0	
1385		48.0	
1386		48.0	
1387		49.0	
1388		48.0	
1389		49.0	
1390		48.0	
1391		48.0	
1392		49.0	
1393		48.0	
1394		48.0	
1395		48.0	
1396		49.0	
1397		49.0	
1398		49.0	
1399		48.0	
1400		49.0	
1401		48.0	
1402		48.0	
1403		49.0	
1404		48.0	
1405		48.0	
1406		49.0	
1407		48.0	
1408		48.0	
1409		48.0	
1410		48.0	
1411		48.0	
1412		49.0	
1413		48.0	
1414		48.0	
1415		49.0	
1416		48.0	
1417		48.0	
1418		48.0	
1419		47.0	
1420		48.0	
1421		48.0	
1422		49.0	
1423		49.0	
1424		49.0	
1425		49.0	
1426		48.0	
1427		49.0	
1428		49.0	
1429		48.0	
1430		49.0	
1431		48.0	
1432		49.0	
1433		47.0	
1434		48.0	
1435		49.0	
1436		49.0	
1437		49.0	
1438		48.0	
1439		49.0	
1440		48.0	
1441		49.0	
1442		48.0	
1443		48.0	
1444		49.0	
1445		49.0	
1446		48.0	
1447		49.0	
1448		48.0	
1449		50.0	
1450		49.0	
1451		48.0	
1452		49.0	
1453		48.0	
1454		49.0	
1455		50.0	
1456		48.0	
1457		49.0	
1458		48.0	
1459		49.0	
1460		48.0	
1461		48.0	
1462		49.0	
1463		49.0	
1464		49.0	
1465		48.0	
1466		48.0	
1467		47.0	
1468		48.0	
1469		48.0	
1470		48.0	
1471		49.0	
1472		48.0	
1473		47.0	
1474		48.0	
1475		49.0	
1476		48.0	
1477		48.0	
1478		48.0	
1479		48.0	
1480		47.0	
1481		48.0	
1482		49.0	
1483		48.0	
1484		48.0	
1485		48.0	
1486		49.0	
1487		47.0	
1488		49.0	
1489		48.0	
1490		49.0	
1491		48.0	
1492		49.0	
1493		48.0	
1494		48.0	
1495		49.0	
1496		49.0	
1497		49.0	
1498		48.0	
1499		48.0	
1500		48.0	
1501		49.0	
1502		48.0	
1503		48.0	
1504		49.0	
1505		48.0	
1506		49.0	
1507		48.0	
1508		49.0	
1509		49.0	
1510		48.0	
1511		48.0	
1512		48.0	
1513		50.0	
1514		48.0	
1515		48.0	
1516		49.0	
1517		49.0	
1518		48.0	
1519		48.0	
1520		49.0	
1521		48.0	
1522		48.0	
1523		48.0	
1524		48.0	
1525		48.0	
1526		48.0	
1527		49.0	
1528		48.0	
1529		47.0	
1530		48.0	
1531		49.0	
1532		48.0	
1533		48.0	
1534		48.0	
1535		48.0	
1536		48.0	
1537		48.0	
1538		49.0	
1539		49.0	
1540		48.0	
1541		48.0	
1542		49.0	
1543		48.0	
1544		48.0	
1545		49.0	
1546		49.0	
1547		49.0	
1548		49.0	
1549		48.0	
1550		48.0	
1551		48.0	
1552		49.0	
1553		48.0	
1554		49.0	
1555		49.0	
1556		48.0	
1557		49.0	
1558		48.0	
1559		48.0	
1560		48.0	
1561		48.0	
1562		49.0	
1563		48.0	
1564		50.0	
1565		49.0	
1566		48.0	
1567		48.0	
1568		49.0	
1569		49.0	
1570		48.0	
1571		49.0	
1572		48.0	
1573		48.0	
1574		49.0	
1575		48.0	
1576		48.0	
1577		48.0	
1578		49.0	
1579		48.0	
1580		48.0	
1581		49.0	
1582		48.0	
1583		48.0	
1584		48.0	
1585		49.0	
1586		48.0	
1587		47.0	
1588		48.0	
1589		48.0	
1590		47.0	
1591		50.0	
1592		48.0	
1593		49.0	
1594		49.0	
1595		49.0	
1596		50.0	
1597		49.0	
1598		47.0	
1599		49.0	
1600		49.0	
1601		48.0	
1602		49.0	
1603		48.0	
1604		49.0	
1605		49.0	
1606		48.0	
1607		49.0	
1608		49.0	
1609		48.0	
1610		48.0	
1611		47.0	
1612		48.0	
1613		49.0	
1614		48.0	
1615		47.0	
1616		49.0	
1617		47.0	
1618		48.0	
1619		48.0	
1620		47.0	
1621		48.0	
1622		49.0	
1623		48.0	
1624		48.0	
1625		47.0	
1626		48.0	
1627		48.0	
1628		48.0	
1629		49.0	
1630		49.0	
1631		49.0	
1632		49.0	
1633		49.0	
1634		49.0	
1635		49.0	
1636		48.0	
1637		49.0	
1638		48.0	
1639		48.0	
1640		50.0	
1641		51.0	
1642		50.0	
1643		50.0	
1644		49.0	
1645		50.0	
1646		50.0	
1647		50.0	
1648		50.0	
1649		50.0	
1650		49.0	
1651		49.0	
1652		49.0	
1653		49.0	
1654		49.0	
1655		49.0	
1656		49.0	
1657		49.0	
1658		49.0	
1659		50.0	
1660		48.0	
1661		48.0	
1662		49.0	
1663		49.0	
1664		48.0	
1665		48.0	
1666		50.0	
1667		48.0	
1668		48.0	
1669		49.0	
1670		48.0	
1671		48.0	
1672		49.0	
1673		48.0	
1674		48.0	
1675		49.0	
1676		49.0	
1677		49.0	
1678		48.0	
1679		48.0	
1680		49.0	
1681		49.0	
1682		49.0	
1683		49.0	
1684		48.0	
1685		49.0	
1686		49.0	
1687		49.0	
1688		48.0	
1689		48.0	
1690		48.0	
1691		49.0	
1692		48.0	
1693		49.0	
1694		48.0	
1695		49.0	
1696		48.0	
1697		49.0	
1698		49.0	
1699		48.0	
1700		49.0	
1701		49.0	
1702		49.0	
1703		49.0	
1704		48.0	
1705		48.0	
1706		48.0	
1707		48.0	
1708		48.0	
1709		48.0	
1710		49.0	
1711		47.0	
1712		48.0	
1713		48.0	
1714		49.0	
1715		48.0	
1716		49.0	
1717		48.0	
1718		49.0	
1719		48.0	
1720		49.0	
1721		49.0	
1722		48.0	
1723		49.0	
1724		49.0	
1725		48.0	
1726		50.0	
1727		48.0	
1728		48.0	
1729		48.0	
1730		48.0	
1731		48.0	
1732		49.0	
1733		49.0	
1734		48.0	
1735		49.0	
1736		49.0	
1737		48.0	
1738		49.0	
1739		48.0	
1740		48.0	
1741		48.0	
1742		49.0	
1743		48.0	
1744		49.0	
1745		49.0	
1746		49.0	
1747		48.0	
1748		48.0	
1749		48.0	
1750		49.0	
1751		48.0	
1752		48.0	
1753		48.0	
1754		48.0	
1755		48.0	
1756		48.0	
1757		48.0	
1758		48.0	
1759		49.0	
1760		48.0	
1761		49.0	
1762		48.0	
1763		48.0	
1764		48.0	
1765		48.0	
1766		48.0	
1767		48.0	
1768		50.0	
1769		49.0	
1770		48.0	
1771		48.0	
1772		49.0	
1773		48.0	
1774		49.0	
1775		48.0	
1776		49.0	
1777		49.0	
1778		48.0	
1779		49.0	
1780		48.0	
1781		49.0	
1782		49.0	
1783		48.0	
1784		48.0	
1785		48.0	
1786		49.0	
1787		49.0	
1788		48.0	
1789		48.0	
1790		48.0	
1791		48.0	
1792		48.0	
1793		49.0	
1794		49.0	
1795		49.0	
1796		49.0	
1797		48.0	
1798		48.0	
1799		48.0	
1800		48.0	
1801		48.0	
1802		48.0	
1803		47.0	
1804		48.0	
1805		49.0	
1806		48.0	
1807		49.0	
1808		48.0	
1809		49.0	
1810		48.0	
1811		48.0	
1812		48.0	
1813		48.0	
1814		48.0	
1815		49.0	
1816		48.0	
1817		48.0	
1818		49.0	
1819		49.0	
1820		48.0	
1821		48.0	
1822		49.0	
1823		48.0	
1824		48.0	
1825		49.0	
1826		49.0	
1827		47.0	
1828		49.0	
1829		48.0	
1830		49.0	
1831		49.0	
1832		49.0	
1833		49.0	
1834		48.0	
1835		49.0	
1836		49.0	
1837		49.0	
1838		49.0	
1839		49.0	
1840		49.0	
1841		49.0	
1842		48.0	
1843		49.0	
1844		49.0	
1845		49.0	
1846		48.0	
1847		49.0	
1848		48.0	
1849		50.0	
1850		49.0	
1851		49.0	
1852		48.0	
1853		48.0	
1854		48.0	
1855		48.0	
1856		48.0	
1857		49.0	
1858		48.0	
1859		48.0	
1860		47.0	
1861		48.0	
1862		49.0	
1863		48.0	
1864		48.0	
1865		48.0	
1866		49.0	
1867		48.0	
1868		48.0	
1869		48.0	
1870		48.0	
1871		49.0	
1872		49.0	
1873		48.0	
1874		47.0	
1875		47.0	
1876		48.0	
1877		48.0	
1878		49.0	
1879		48.0	
1880		48.0	
1881		48.0	
1882		48.0	
1883		49.0	
1884		48.0	
1885		48.0	
1886		48.0	
1887		48.0	
1888		49.0	
1889		48.0	
1890		48.0	
1891		48.0	
1892		49.0	
1893		48.0	
1894		47.0	
1895		48.0	
1896		47.0	
1897		47.0	
1898		48.0	
1899		48.0	
1900		49.0	
1901		48.0	
1902		48.0	
1903		49.0	
1904		48.0	
1905		48.0	
1906		49.0	
1907		48.0	
1908		48.0	
1909		48.0	
1910		48.0	
1911		48.0	
1912		48.0	
1913		49.0	
1914		48.0	
1915		49.0	
1916		49.0	
1917		48.0	
1918		47.0	
1919		47.0	
1920		48.0	
1921		49.0	
1922		47.0	
1923		48.0	
1924		47.0	
1925		48.0	
1926		48.0	
1927		48.0	
1928		47.0	
1929		48.0	
1930		48.0	
1931		48.0	
1932		48.0	
1933		49.0	
1934		48.0	
1935		49.0	
1936		49.0	
1937		48.0	
1938		49.0	
1939		48.0	
1940		49.0	
1941		48.0	
1942		49.0	
1943		48.0	
1944		49.0	
1945		48.0	
1946		48.0	
1947		49.0	
1948		47.0	
1949		48.0	
1950		48.0	
1951		47.0	
1952		47.0	
1953		49.0	
1954		47.0	
1955		47.0	
1956		48.0	
1957		48.0	
1958		48.0	
1959		49.0	
1960		48.0	
1961		48.0	
1962		47.0	
1963		49.0	
1964		48.0	
1965		49.0	
1966		49.0	
1967		49.0	
1968		48.0	
1969		49.0	
1970		48.0	
1971		49.0	
1972		48.0	
1973		48.0	
1974		48.0	
1975		48.0	
1976		48.0	
1977		47.0	
1978		48.0	
1979		49.0	
1980		48.0	
1981		48.0	
1982		48.0	
1983		49.0	
1984		48.0	
1985		49.0	
1986		48.0	
1987		49.0	
1988		48.0	
1989		48.0	
1990		49.0	
1991		49.0	
1992		49.0	
1993		48.0	
1994		48.0	
1995		49.0	
1996		47.0	
1997		48.0	
1998		49.0	
1999		48.0	
2000		49.0	
2001		48.0	
2002		48.0	
2003		48.0	
2004		48.0	
2005		48.0	
2006		48.0	
2007		49.0	
2008		48.0	
2009		48.0	
2010		49.0	
2011		48.0	
2012		48.0	
2013		49.0	
2014		48.0	
2015		48.0	
2016		49.0	
2017		47.0	
2018		48.0	
2019		48.0	
2020		48.0	
2021		49.0	
2022		48.0	
2023		48.0	
2024		49.0	
2025		48.0	
2026		48.0	
2027		49.0	
2028		48.0	
2029		49.0	
2030		48.0	
2031		48.0	
2032		48.0	
2033		48.0	
2034		49.0	
2035		48.0	
2036		48.0	
2037		49.0	
2038		48.0	
2039		49.0	
2040		48.0	
2041		49.0	
2042		48.0	
2043		49.0	
2044		48.0	
2045		48.0	
2046		48.0	
2047		49.0	
2048		48.0	
2049		48.0	
2050		47.0	
2051		48.0	
2052		48.0	
2053		48.0	
2054		48.0	
2055		49.0	
2056		48.0	
2057		48.0	
2058		49.0	
2059		48.0	
2060		48.0	
2061		49.0	
2062		47.0	
2063		49.0	
2064		49.0	
2065		49.0	
2066		48.0	
2067		48.0	
2068		48.0	
2069		48.0	
2070		48.0	
2071		49.0	
2072		49.0	
2073		47.0	
2074		48.0	
2075		47.0	
2076		48.0	
2077		49.0	
2078		48.0	
2079		48.0	
2080		48.0	
2081		48.0	
2082		49.0	
2083		48.0	
2084		49.0	
2085		48.0	
2086		49.0	
2087		48.0	
2088		48.0	
2089		48.0	
2090		48.0	
2091		49.0	
2092		48.0	
2093		48.0	
2094		48.0	
2095		49.0	
2096		49.0	
2097		49.0	
2098		48.0	
2099		50.0	
2100		49.0	
2101		48.0	
2102		49.0	
2103		48.0	
2104		48.0	
2105		48.0	
2106		49.0	
2107		49.0	
2108		49.0	
2109		48.0	
2110		48.0	
2111		48.0	
2112		47.0	
2113		48.0	
2114		49.0	
2115		49.0	
2116		48.0	
2117		49.0	
2118		48.0	
2119		50.0	
2120		48.0	
2121		48.0	
2122		49.0	
2123		48.0	
2124		50.0	
2125		49.0	
2126		49.0	
2127		49.0	
2128		49.0	
2129		48.0	
2130		48.0	
2131		48.0	
2132		49.0	
2133		48.0	
2134		49.0	
2135		48.0	
2136		48.0	
2137		50.0	
2138		48.0	
2139		47.0	
2140		48.0	
2141		48.0	
2142		49.0	
2143		49.0	
2144		49.0	
2145		48.0	
2146		48.0	
2147		48.0	
2148		49.0	
2149		48.0	
2150		49.0	
2151		49.0	
2152		48.0	
2153		48.0	
2154		49.0	
2155		48.0	
2156		48.0	
2157		49.0	
2158		48.0	
2159		49.0	
2160		49.0	
2161		49.0	
2162		48.0	
2163		48.0	
2164		48.0	
2165		48.0	
2166		49.0	
2167		48.0	
2168		48.0	
2169		48.0	
2170		50.0	
2171		48.0	
2172		49.0	
2173		49.0	
2174		48.0	
2175		48.0	
2176		48.0	
2177		48.0	
2178		49.0	
2179		49.0	
2180		49.0	
2181		49.0	
2182		49.0	
2183		49.0	
2184		49.0	
2185		48.0	
2186		48.0	
2187		49.0	
2188		48.0	
2189		49.0	
2190		49.0	
2191		48.0	
2192		49.0	
2193		49.0	
2194		48.0	
2195		48.0	
2196		48.0	
2197		49.0	
2198		49.0	
2199		49.0	
2200		48.0	
2201		50.0	
2202		49.0	
2203		48.0	
2204		49.0	
2205		49.0	
2206		48.0	
2207		49.0	
2208		48.0	
2209		48.0	
2210		48.0	
2211		49.0	
2212		49.0	
2213		48.0	
2214		49.0	
2215		48.0	
2216		50.0	
2217		49.0	
2218		49.0	
2219		48.0	
2220		49.0	
2221		48.0	
2222		48.0	
2223		49.0	
2224		48.0	
2225		48.0	
2226		48.0	
2227		48.0	
2228		48.0	
2229		48.0	
2230		49.0	
2231		49.0	
2232		48.0	
2233		48.0	
2234		49.0	
2235		49.0	
2236		48.0	
2237		48.0	
2238		49.0	
2239		49.0	
2240		48.0	
2241		49.0	
2242		48.0	
2243		50.0	
2244		48.0	
2245		49.0	
2246		48.0	
2247		49.0	
2248		47.0	
2249		49.0	
2250		49.0	
2251		49.0	
2252		48.0	
2253		49.0	
2254		49.0	
2255		49.0	
2256		49.0	
2257		49.0	
2258		49.0	
2259		49.0	
2260		47.0	
2261		48.0	
2262		49.0	
2263		49.0	
2264		51.0	
2265		51.0	
2266		52.0	
2267		53.0	
2268		53.0	
2269		53.0	
2270		54.0	
2271		54.0	
2272		54.0	
2273		54.0	
2274		54.0	
2275		54.0	
2276		55.0	
2277		55.0	
2278		55.0	
2279		55.0	
2280		55.0	
2281		56.0	
2282		56.0	
2283		56.0	
2284		56.0	
2285		56.0	
2286		56.0	
2287		56.0	
2288		57.0	
2289		56.0	
2290		56.0	
2291		57.0	
2292		56.0	
2293		57.0	
2294		57.0	
2295		56.0	
2296		58.0	
2297		57.0	
2298		56.0	
2299		56.0	
2300		57.0	
2301		57.0	
2302		57.0	
2303		57.0	
2304		56.0	
2305		57.0	
2306		58.0	
2307		57.0	
2308		58.0	
2309		57.0	
2310		59.0	
2311		58.0	
2312		58.0	
2313		58.0	
2314		59.0	
2315		58.0	
2316		58.0	
2317		58.0	
2318		57.0	
2319		57.0	
2320		58.0	
2321		59.0	
2322		58.0	
2323		59.0	
2324		58.0	
2325		58.0	
2326		59.0	
2327		59.0	
2328		57.0	
2329		58.0	
2330		58.0	
2331		58.0	
2332		58.0	
2333		58.0	
2334		60.0	
2335		60.0	
2336		59.0	
2337		59.0	
2338		60.0	
2339		58.0	
2340		60.0	
2341		58.0	
2342		60.0	
2343		60.0	
2344		60.0	
2345		60.0	
2346		59.0	
2347		59.0	
2348		59.0	
2349		59.0	
2350		59.0	
2351		59.0	
2352		60.0	
2353		59.0	
2354		59.0	
2355		59.0	
2356		60.0	
2357		60.0	
2358		59.0	
2359		61.0	
2360		59.0	
2361		60.0	
2362		60.0	
2363		60.0	
2364		60.0	
2365		60.0	
2366		59.0	
2367		61.0	
2368		60.0	
2369		60.0	
2370		61.0	
2371		60.0	
2372		60.0	
2373		60.0	
2374		60.0	
2375		60.0	
2376		60.0	
2377		60.0	
2378		60.0	
2379		61.0	
2380		61.0	
2381		60.0	
2382		60.0	
2383		60.0	
2384		59.0	
2385		61.0	
2386		61.0	
2387		60.0	
2388		60.0	
2389		60.0	
2390		60.0	
2391		61.0	
2392		60.0	
2393		60.0	
2394		60.0	
2395		61.0	
2396		60.0	
2397		61.0	
2398		60.0	
2399		61.0	
2400		60.0	
2401		60.0	
2402		60.0	
2403		60.0	
2404		61.0	
2405		61.0	
2406		61.0	
2407		60.0	
2408		60.0	
2409		61.0	
2410		61.0	
2411		61.0	
2412		61.0	
2413		61.0	
2414		60.0	
2415		61.0	
2416		62.0	
2417		61.0	
2418		61.0	
2419		60.0	
2420		61.0	
2421		60.0	
2422		62.0	
2423		61.0	
2424		61.0	
2425		60.0	
2426		61.0	
2427		61.0	
2428		61.0	
2429		61.0	
2430		61.0	
2431		61.0	
2432		60.0	
2433		61.0	
2434		62.0	
2435		61.0	
2436		61.0	
2437		61.0	
2438		62.0	
2439		62.0	
2440		62.0	
2441		62.0	
2442		61.0	
2443		61.0	
2444		63.0	
2445		62.0	
2446		61.0	
2447		62.0	
2448		61.0	
2449		61.0	
2450		62.0	
2451		62.0	
2452		61.0	
2453		60.0	
2454		61.0	
2455		61.0	
2456		62.0	
2457		61.0	
2458		61.0	
2459		61.0	
2460		61.0	
2461		61.0	
2462		60.0	
2463		61.0	
2464		62.0	
2465		62.0	
2466		62.0	
2467		62.0	
2468		62.0	
2469		61.0	
2470		61.0	
2471		61.0	
2472		62.0	
2473		61.0	
2474		60.0	
2475		60.0	
2476		62.0	
2477		62.0	
2478		62.0	
2479		62.0	
2480		62.0	
2481		62.0	
2482		62.0	
2483		63.0	
2484		61.0	
2485		60.0	
2486		61.0	
2487		62.0	
2488		61.0	
2489		63.0	
2490		63.0	
2491		62.0	
2492		62.0	
2493		61.0	
2494		61.0	
2495		62.0	
2496		62.0	
2497		62.0	
2498		62.0	
2499		62.0	
2500		61.0	
2501		62.0	
2502		61.0	
2503		61.0	
2504		63.0	
2505		62.0	
2506		62.0	
2507		62.0	
2508		62.0	
2509		62.0	
2510		62.0	
2511		63.0	
2512		62.0	
2513		63.0	
2514		61.0	
2515		62.0	
2516		62.0	
2517		61.0	
2518		62.0	
2519		62.0	
2520		62.0	
2521		61.0	
2522		62.0	
2523		61.0	
2524		61.0	
2525		63.0	
2526		61.0	
2527		62.0	
2528		61.0	
2529		62.0	
2530		62.0	
2531		62.0	
2532		62.0	
2533		63.0	
2534		62.0	
2535		61.0	
2536		61.0	
2537		63.0	
2538		61.0	
2539		62.0	
2540		61.0	
2541		61.0	
2542		63.0	
2543		62.0	
2544		62.0	
2545		61.0	
2546		63.0	
2547		63.0	
2548		63.0	
2549		62.0	
2550		63.0	
2551		62.0	
2552		62.0	
2553		62.0	
2554		61.0	
2555		61.0	
2556		63.0	
2557		62.0	
2558		61.0	
2559		62.0	
2560		62.0	
2561		61.0	
2562		62.0	
2563		62.0	
2564		62.0	
2565		62.0	
2566		62.0	
2567		61.0	
2568		62.0	
2569		63.0	
2570		62.0	
2571		62.0	
2572		62.0	
2573		62.0	
2574		63.0	
2575		62.0	
2576		62.0	
2577		62.0	
2578		62.0	
2579		61.0	
2580		61.0	
2581		62.0	
2582		61.0	
2583		61.0	
2584		61.0	
2585		62.0	
2586		61.0	
2587		61.0	
2588		62.0	
2589		63.0	
2590		62.0	
2591		62.0	
2592		62.0	
2593		62.0	
2594		62.0	
2595		62.0	
2596		61.0	
2597		62.0	
2598		62.0	
2599		62.0	
2600		62.0	
2601		62.0	
2602		62.0	
2603		62.0	
2604		62.0	
2605		62.0	
2606		62.0	
2607		62.0	
2608		61.0	
2609		62.0	
2610		62.0	
2611		62.0	
2612		63.0	
2613		62.0	
2614		61.0	
2615		61.0	
2616		62.0	
2617		62.0	
2618		62.0	
2619		63.0	
2620		61.0	
2621		62.0	
2622		61.0	
2623		62.0	
2624		63.0	
2625		63.0	
2626		62.0	
2627		61.0	
2628		62.0	
2629		61.0	
2630		62.0	
2631		62.0	
2632		61.0	
2633		61.0	
2634		62.0	
2635		63.0	
2636		62.0	
2637		62.0	
2638		61.0	
2639		63.0	
2640		62.0	
2641		62.0	
2642		62.0	
2643		62.0	
2644		62.0	
2645		63.0	
2646		61.0	
2647		62.0	
2648		61.0	
2649		62.0	
2650		62.0	
2651		63.0	
2652		62.0	
2653		61.0	
2654		63.0	
2655		63.0	
2656		62.0	
2657		62.0	
2658		61.0	
2659		61.0	
2660		62.0	
2661		62.0	
2662		62.0	
2663		62.0	
2664		62.0	
2665		62.0	
2666		61.0	
2667		62.0	
2668		63.0	
2669		63.0	
2670		63.0	
2671		62.0	
2672		62.0	
2673		62.0	
2674		62.0	
2675		62.0	
2676		62.0	
2677		62.0	
2678		63.0	
2679		62.0	
2680		62.0	
2681		63.0	
2682		61.0	
2683		61.0	
2684		61.0	
2685		63.0	
2686		61.0	
2687		63.0	
2688		61.0	
2689		62.0	
2690		63.0	
2691		62.0	
2692		62.0	
2693		62.0	
2694		61.0	
2695		62.0	
2696		63.0	
2697		62.0	
2698		62.0	
2699		62.0	
2700		62.0	
2701		62.0	
2702		63.0	
2703		62.0	
2704		63.0	
2705		63.0	
2706		63.0	
2707		62.0	
2708		63.0	
2709		61.0	
2710		62.0	
2711		62.0	
2712		63.0	
2713		62.0	
2714		62.0	
2715		62.0	
2716		62.0	
2717		62.0	
2718		62.0	
2719		61.0	
2720		62.0	
2721		63.0	
2722		62.0	
2723		62.0	
2724		63.0	
2725		62.0	
2726		63.0	
2727		62.0	
2728		62.0	
2729		63.0	
2730		62.0	
2731		63.0	
2732		61.0	
2733		62.0	
2734		62.0	
2735		62.0	
2736		62.0	
2737		63.0	
2738		61.0	
2739		62.0	
2740		62.0	
2741		62.0	
2742		62.0	
2743		62.0	
2744		63.0	
2745		62.0	
2746		62.0	
2747		62.0	
2748		62.0	
2749		63.0	
2750		61.0	
2751		62.0	
2752		62.0	
2753		63.0	
2754		62.0	
2755		63.0	
2756		62.0	
2757		62.0	
2758		62.0	
2759		62.0	
2760		62.0	
2761		62.0	
2762		63.0	
2763		62.0	
2764		63.0	
2765		62.0	
2766		62.0	
2767		61.0	
2768		62.0	
2769		63.0	
2770		63.0	
2771		62.0	
2772		62.0	
2773		62.0	
2774		61.0	
2775		61.0	
2776		62.0	
2777		62.0	
2778		63.0	
2779		62.0	
2780		63.0	
2781		62.0	
2782		62.0	
2783		62.0	
2784		61.0	
2785		62.0	
2786		62.0	
2787		62.0	
2788		63.0	
2789		62.0	
2790		62.0	
2791		62.0	
2792		62.0	
2793		62.0	
2794		61.0	
2795		62.0	
2796		62.0	
2797		62.0	
2798		62.0	
2799		62.0	
2800		62.0	
2801		62.0	
2802		63.0	
2803		62.0	
2804		62.0	
2805		63.0	
2806		62.0	
2807		61.0	
2808		62.0	
2809		61.0	
2810		63.0	
2811		62.0	
2812		61.0	
2813		63.0	
2814		62.0	
2815		61.0	
2816		62.0	
2817		62.0	
2818		61.0	
2819		62.0	
2820		62.0	
2821		62.0	
2822		62.0	
2823		61.0	
2824		62.0	
2825		62.0	
2826		63.0	
2827		61.0	
2828		61.0	
2829		62.0	
2830		61.0	
2831		63.0	
2832		62.0	
2833		62.0	
2834		62.0	
2835		62.0	
2836		62.0	
2837		62.0	
2838		62.0	
2839		61.0	
2840		62.0	
2841		62.0	
2842		62.0	
2843		62.0	
2844		62.0	
2845		62.0	
2846		62.0	
2847		63.0	
2848		62.0	
2849		61.0	
2850		63.0	
2851		61.0	
2852		63.0	
2853		63.0	
2854		62.0	
2855		63.0	
2856		62.0	
2857		63.0	
2858		62.0	
2859		62.0	
2860		63.0	
2861		62.0	
2862		61.0	
2863		62.0	
2864		62.0	
2865		63.0	
2866		62.0	
2867		63.0	
2868		62.0	
2869		63.0	
2870		63.0	
2871		62.0	
2872		62.0	
2873		62.0	
2874		62.0	
2875		63.0	
2876		63.0	
2877		62.0	
2878		62.0	
2879		62.0	
2880		62.0	
2881		62.0	
2882		63.0	
2883		63.0	
2884		62.0	
2885		63.0	
2886		62.0	
2887		62.0	
2888		63.0	
2889		62.0	
2890		62.0	
2891		62.0	
2892		63.0	
2893		63.0	
2894		62.0	
2895		62.0	
2896		62.0	
2897		62.0	
2898		63.0	
2899		62.0	
2900		63.0	
2901		62.0	
2902		62.0	
2903		63.0	
2904		63.0	
2905		63.0	
2906		62.0	
2907		62.0	
2908		62.0	
2909		62.0	
2910		63.0	
2911		64.0	
2912		62.0	
2913		62.0	
2914		63.0	
2915		63.0	
2916		63.0	
2917		62.0	
2918		62.0	
2919		63.0	
2920		62.0	
2921		62.0	
2922		62.0	
2923		63.0	
2924		63.0	
2925		62.0	
2926		63.0	
2927		62.0	
2928		63.0	
2929		62.0	
2930		63.0	
2931		61.0	
2932		62.0	
2933		62.0	
2934		63.0	
2935		62.0	
2936		63.0	
2937		61.0	
2938		63.0	
2939		62.0	
2940		62.0	
2941		62.0	
2942		63.0	
2943		63.0	
2944		63.0	
2945		62.0	
2946		63.0	
2947		63.0	
2948		62.0	
2949		63.0	
2950		63.0	
2951		62.0	
2952		62.0	
2953		63.0	
2954		62.0	
2955		62.0	
2956		62.0	
2957		62.0	
2958		62.0	
2959		63.0	
2960		63.0	
2961		63.0	
2962		63.0	
2963		62.0	
2964		63.0	
2965		63.0	
2966		62.0	
2967		63.0	
2968		63.0	
2969		62.0	
2970		63.0	
2971		62.0	
2972		62.0	
2973		63.0	
2974		62.0	
2975		62.0	
2976		63.0	
2977		63.0	
2978		62.0	
2979		62.0	
2980		63.0	
2981		63.0	
2982		64.0	
2983		63.0	
2984		63.0	
2985		62.0	
2986		62.0	
2987		62.0	
2988		62.0	
2989		62.0	
2990		63.0	
2991		62.0	
2992		63.0	
2993		63.0	
2994		63.0	
2995		63.0	
2996		63.0	
2997		62.0	
2998		62.0	
2999		62.0	
3000		63.0	
3001		62.0	
3002		62.0	
3003		63.0	
3004		63.0	
3005		63.0	
3006		61.0	
3007		63.0	
3008		63.0	
3009		62.0	
3010		62.0	
3011		62.0	
3012		63.0	
3013		62.0	
3014		63.0	
3015		61.0	
3016		60.0	
3017		59.0	
3018		58.0	
3019		57.0	
3020		58.0	
3021		57.0	
3022		57.0	
3023		56.0	
3024		57.0	
3025		56.0	
3026		55.0	
3027		57.0	
3028		56.0	
3029		57.0	
3030		55.0	
3031		55.0	
3032		55.0	
3033		54.0	
3034		55.0	
3035		56.0	
3036		54.0	
3037		54.0	
3038		54.0	
3039		55.0	
3040		55.0	
3041		56.0	
3042		56.0	
3043		56.0	
3044		58.0	
3045		58.0	
3046		59.0	
3047		60.0	
3048		61.0	
3049		60.0	
3050		61.0	
3051		60.0	
3052		60.0	
3053		61.0	
3054		60.0	
3055		60.0	
3056		62.0	
3057		61.0	
3058		62.0	
3059		62.0	
3060		61.0	
3061		62.0	
3062		62.0	
3063		63.0	
3064		62.0	
3065		62.0	
3066		63.0	
3067		61.0	
3068		63.0	
3069		64.0	
3070		63.0	
3071		63.0	
3072		63.0	
3073		63.0	
3074		62.0	
3075		63.0	
3076		64.0	
3077		63.0	
3078		63.0	
3079		63.0	
3080		63.0	
3081		62.0	
3082		62.0	
3083		63.0	
3084		63.0	
3085		63.0	
3086		64.0	
3087		63.0	
3088		64.0	
3089		63.0	
3090		62.0	
3091		64.0	
3092		64.0	
3093		64.0	
3094		63.0	
3095		64.0	
3096		64.0	
3097		64.0	
3098		63.0	
3099		63.0	
3100		63.0	
3101		63.0	
3102		64.0	
3103		64.0	
3104		64.0	
3105		63.0	
3106		64.0	
3107		64.0	
3108		62.0	
3109		63.0	
3110		65.0	
3111		64.0	
3112		64.0	
3113		63.0	
3114		64.0	
3115		64.0	
3116		63.0	
3117		63.0	
3118		64.0	
3119		64.0	
3120		64.0	
3121		65.0	
3122		64.0	
3123		64.0	
3124		64.0	
3125		64.0	
3126		64.0	
3127		65.0	
3128		65.0	
3129		64.0	
3130		64.0	
3131		65.0	
3132		64.0	
3133		64.0	
3134		64.0	
3135		63.0	
3136		65.0	
3137		64.0	
3138		64.0	
3139		64.0	
3140		64.0	
3141		64.0	
3142		63.0	
3143		64.0	
3144		65.0	
3145		64.0	
3146		65.0	
3147		64.0	
3148		63.0	
3149		65.0	
3150		64.0	
3151		64.0	
3152		63.0	
3153		64.0	
3154		64.0	
3155		64.0	
3156		65.0	
3157		64.0	
3158		64.0	
3159		64.0	
3160		64.0	
3161		65.0	
3162		64.0	
3163		64.0	
3164		63.0	
3165		65.0	
3166		64.0	
3167		65.0	
3168		64.0	
3169		65.0	
3170		65.0	
3171		65.0	
3172		64.0	
3173		64.0	
3174		64.0	
3175		65.0	
3176		65.0	
3177		63.0	
3178		65.0	
3179		64.0	
3180		65.0	
3181		65.0	
3182		64.0	
3183		65.0	
3184		64.0	
3185		64.0	
3186		64.0	
3187		64.0	
3188		65.0	
3189		65.0	
3190		65.0	
3191		64.0	
3192		65.0	
3193		64.0	
3194		65.0	
3195		64.0	
3196		64.0	
3197		65.0	
3198		65.0	
3199		65.0	
3200		64.0	
3201		64.0	
3202		65.0	
3203		65.0	
3204		64.0	
3205		64.0	
3206		65.0	
3207		64.0	
3208		64.0	
3209		64.0	
3210		65.0	
3211		65.0	
3212		65.0	
3213		64.0	
3214		64.0	
3215		64.0	
3216		64.0	
3217		64.0	
3218		65.0	
3219		65.0	
3220		65.0	
3221		64.0	
3222		64.0	
3223		64.0	
3224		65.0	
3225		65.0	
3226		65.0	
3227		64.0	
3228		64.0	
3229		65.0	
3230		65.0	
3231		65.0	
3232		65.0	
3233		65.0	
3234		64.0	
3235		64.0	
3236		64.0	
3237		64.0	
3238		61.0	
3239		61.0	
3240		60.0	
3241		60.0	
3242		59.0	
3243		59.0	
3244		60.0	
3245		59.0	
3246		59.0	
3247		58.0	
3248		58.0	
3249		58.0	
3250		59.0	
3251		57.0	
3252		57.0	
3253		57.0	
3254		56.0	
3255		57.0	
3256		56.0	
3257		56.0	
3258		56.0	
3259		55.0	
3260		56.0	
3261		55.0	
3262		56.0	
3263		55.0	
3264		55.0	
3265		55.0	
3266		56.0	
3267		55.0	
3268		56.0	
3269		55.0	
3270		55.0	
3271		55.0	
3272		54.0	
3273		55.0	
3274		54.0	
3275		55.0	
3276		55.0	
3277		55.0	
3278		56.0	
3279		54.0	
3280		54.0	
3281		55.0	
3282		54.0	
3283		55.0	
3284		54.0	
3285		55.0	
3286		54.0	
3287		54.0	
3288		54.0	
3289		54.0	
3290		54.0	
3291		54.0	
3292		55.0	
3293		54.0	
3294		54.0	
3295		54.0	
3296		54.0	
3297		54.0	
3298		54.0	
3299		54.0	
3300		53.0	
3301		54.0	
3302		54.0	
3303		55.0	
3304		55.0	
3305		54.0	
3306		54.0	
3307		55.0	
3308		54.0	
3309		54.0	
3310		54.0	
3311		54.0	
3312		54.0	
3313		54.0	
3314		54.0	
3315		54.0	
3316		54.0	
3317		54.0	
3318		54.0	
3319		53.0	
3320		54.0	
3321		54.0	
3322		53.0	
3323		53.0	
3324		53.0	
3325		54.0	
3326		52.0	
3327		53.0	
3328		54.0	
3329		53.0	
3330		54.0	
3331		52.0	
3332		52.0	
3333		53.0	
3334		53.0	
3335		53.0	
3336		52.0	
3337		52.0	
3338		52.0	
3339		51.0	
3340		53.0	
3341		51.0	
3342		51.0	
3343		53.0	
3344		51.0	
3345		52.0	
3346		52.0	
3347		52.0	
3348		52.0	
3349		53.0	
3350		52.0	
3351		52.0	
3352		53.0	
3353		52.0	
3354		52.0	
3355		52.0	
3356		52.0	
3357		52.0	
3358		51.0	
3359		51.0	
3360		53.0	
3361		52.0	
3362		51.0	
3363		52.0	
3364		52.0	
3365		52.0	
3366		50.0	
3367		52.0	
3368		52.0	
3369		52.0	
3370		51.0	
3371		51.0	
3372		51.0	
3373		52.0	
3374		51.0	
3375		52.0	
3376		52.0	
3377		53.0	
3378		51.0	
3379		51.0	
3380		52.0	
3381		52.0	
3382		52.0	
3383		52.0	
3384		52.0	
3385		51.0	
3386		51.0	
3387		51.0	
3388		51.0	
3389		52.0	
3390		52.0	
3391		51.0	
3392		51.0	
3393		51.0	
3394		52.0	
3395		51.0	
3396		51.0	
3397		51.0	
3398		52.0	
3399		51.0	
3400		51.0	
3401		51.0	
3402		52.0	
3403		52.0	
3404		51.0	
3405		51.0	
3406		50.0	
3407		51.0	
3408		51.0	
3409		51.0	
3410		52.0	
3411		51.0	
3412		52.0	
3413		51.0	
3414		51.0	
3415		51.0	
3416		51.0	
3417		52.0	
3418		50.0	
3419		51.0	
3420		51.0	
3421		51.0	
3422		51.0	
3423		52.0	
3424		51.0	
3425		51.0	
3426		52.0	
3427		51.0	
3428		50.0	
3429		52.0	
3430		50.0	
3431		50.0	
3432		51.0	
3433		52.0	
3434		51.0	
3435		51.0	
3436		52.0	
3437		51.0	
3438		51.0	
3439		51.0	
3440		51.0	
3441		51.0	
3442		50.0	
3443		51.0	
3444		50.0	
3445		51.0	
3446		51.0	
3447		51.0	
3448		51.0	
3449		52.0	
3450		50.0	
3451		51.0	
3452		51.0	
3453		50.0	
3454		51.0	
3455		50.0	
3456		50.0	
3457		52.0	
3458		51.0	
3459		50.0	
3460		51.0	
3461		50.0	
3462		51.0	
3463		50.0	
3464		51.0	
3465		50.0	
3466		50.0	
3467		51.0	
3468		51.0	
3469		50.0	
3470		51.0	
3471		49.0	
3472		50.0	
3473		50.0	
3474		50.0	
3475		50.0	
3476		51.0	
3477		49.0	
3478		50.0	
3479		50.0	
3480		50.0	
3481		50.0	
3482		51.0	
3483		51.0	
3484		51.0	
3485		51.0	
3486		50.0	
3487		51.0	
3488		51.0	
3489		50.0	
3490		50.0	
3491		50.0	
3492		50.0	
3493		50.0	
3494		50.0	
3495		50.0	
3496		51.0	
3497		51.0	
3498		50.0	
3499		50.0	
3500		51.0	
3501		50.0	
3502		51.0	
3503		50.0	
3504		50.0	
3505		51.0	
3506		50.0	
3507		49.0	
3508		50.0	
3509		50.0	
3510		50.0	
3511		50.0	
3512		50.0	
3513		51.0	
3514		50.0	
3515		50.0	
3516		50.0	
3517		50.0	
3518		50.0	
3519		50.0	
3520		50.0	
3521		51.0	
3522		50.0	
3523		50.0	
3524		50.0	
3525		50.0	
3526		50.0	
3527		50.0	
3528		50.0	
3529		50.0	
3530		51.0	
3531		51.0	
3532		49.0	
3533		50.0	
3534		50.0	
3535		51.0	
3536		51.0	
3537		50.0	
3538		50.0	
3539		51.0	
3540		50.0	
3541		49.0	
3542		50.0	
3543		51.0	
3544		50.0	
3545		49.0	
3546		50.0	
3547		51.0	
3548		50.0	
3549		51.0	
3550		50.0	
3551		51.0	
3552		49.0	
3553		50.0	
3554		49.0	
3555		51.0	
3556		51.0	
3557		50.0	
3558		50.0	
3559		51.0	
3560		50.0	
3561		50.0	
3562		50.0	
3563		51.0	
3564		50.0	
3565		50.0	
3566		51.0	
3567		50.0	
3568		50.0	
3569		50.0	
3570		50.0	
3571		50.0	
3572		50.0	
3573		50.0	
3574		50.0	
3575		50.0	
3576		51.0	
3577		51.0	
3578		50.0	
3579		51.0	
3580		51.0	
3581		50.0	
3582		50.0	
3583		50.0	
3584		51.0	
3585		50.0	
3586		50.0	
3587		51.0	
3588		51.0	
3589		50.0	
3590		51.0	
3591		51.0	
3592		51.0	
3593		51.0	
3594		50.0	
3595		50.0	
3596		49.0	
3597		50.0	
3598		50.0	
3599		49.0	
3600		49.0	
3601		50.0	
3602		51.0	
3603		51.0	
3604		51.0	
3605		51.0	
3606		51.0	
3607		50.0	
3608		50.0	
3609		50.0	
3610		51.0	
3611		50.0	
3612		50.0	
3613		51.0	
3614		49.0	
3615		50.0	
3616		51.0	
3617		50.0	
3618		50.0	
3619		50.0	
3620		50.0	
3621		50.0	
3622		49.0	
3623		50.0	
3624		49.0	
3625		50.0	
3626		49.0	
3627		49.0	
3628		50.0	
3629		51.0	
3630		49.0	
3631		50.0	
3632		50.0	
3633		50.0	
3634		50.0	
3635		50.0	
3636		49.0	
3637		50.0	
3638		50.0	
3639		50.0	
3640		50.0	
3641		51.0	
3642		51.0	
3643		50.0	
3644		50.0	
3645		49.0	
3646		50.0	
3647		50.0	
3648		50.0	
3649		50.0	
3650		49.0	
3651		50.0	
3652		49.0	
3653		50.0	
3654		49.0	
3655		50.0	
3656		50.0	
3657		51.0	
3658		50.0	
3659		50.0	
3660		49.0	
3661		50.0	
3662		50.0	
3663		51.0	
3664		50.0	
3665		50.0	
3666		50.0	
3667		50.0	
3668		50.0	
3669		50.0	
3670		50.0	
3671		50.0	
3672		50.0	
3673		50.0	
3674		49.0	
3675		50.0	
3676		49.0	
3677		49.0	
3678		49.0	
3679		50.0	
3680		50.0	
3681		50.0	
3682		50.0	
3683		50.0	
3684		49.0	
3685		49.0	
3686		49.0	
3687		50.0	
3688		50.0	
3689		51.0	
3690		50.0	
3691		50.0	
3692		50.0	
3693		50.0	
3694		49.0	
3695		51.0	
3696		50.0	
3697		50.0	
3698		50.0	
3699		49.0	
3700		51.0	
3701		49.0	
3702		49.0	
3703		49.0	
3704		50.0	
3705		50.0	
3706		49.0	
3707		50.0	
3708		50.0	
3709		50.0	
3710		50.0	
3711		50.0	
3712		50.0	
3713		51.0	
3714		50.0	
3715		49.0	
3716		49.0	
3717		50.0	
3718		50.0	
3719		49.0	
3720		50.0	
3721		50.0	
3722		49.0	
3723		50.0	
3724		49.0	
3725		50.0	
3726		50.0	
3727		50.0	
3728		51.0	
3729		50.0	
3730		50.0	
3731		51.0	
3732		50.0	
3733		50.0	
3734		49.0	
3735		51.0	
3736		49.0	
3737		51.0	
3738		50.0	
3739		51.0	
3740		49.0	
3741		51.0	
3742		50.0	
3743		51.0	
3744		50.0	
3745		50.0	
3746		50.0	
3747		50.0	
3748		49.0	
3749		50.0	
3750		50.0	
3751		49.0	
3752		50.0	
3753		50.0	
3754		48.0	
3755		50.0	
3756		49.0	
3757		50.0	
3758		50.0	
3759		51.0	
3760		50.0	
3761		50.0	
3762		49.0	
3763		50.0	
3764		49.0	
3765		51.0	
3766		49.0	
3767		50.0	
3768		49.0	
3769		50.0	
3770		49.0	
3771		49.0	
3772		51.0	
3773		50.0	
3774		50.0	
3775		50.0	
3776		50.0	
3777		50.0	
3778		49.0	
3779		50.0	
3780		50.0	
3781		51.0	
3782		50.0	
3783		51.0	
3784		50.0	
3785		50.0	
3786		49.0	
3787		50.0	
3788		51.0	
3789		50.0	
3790		49.0	
3791		50.0	
3792		49.0	
3793		50.0	
3794		49.0	
3795		50.0	
3796		50.0	
3797		50.0	
3798		51.0	
3799		50.0	
3800		48.0	
3801		49.0	
3802		51.0	
3803		51.0	
3804		50.0	
3805		50.0	
3806		50.0	
3807		51.0	
3808		50.0	
3809		50.0	
3810		49.0	
3811		49.0	
3812		50.0	
3813		50.0	
3814		49.0	
3815		50.0	
3816		49.0	
3817		50.0	
3818		51.0	
3819		49.0	
3820		49.0	
3821		50.0	
3822		49.0	
3823		50.0	
3824		50.0	
3825		49.0	
3826		50.0	
3827		50.0	
3828		50.0	
3829		49.0	
3830		49.0	
3831		50.0	
3832		49.0	
3833		49.0	
3834		50.0	
3835		49.0	
3836		49.0	
3837		51.0	
3838		49.0	
3839		50.0	
3840		50.0	
3841		50.0	
3842		50.0	
3843		51.0	
3844		51.0	
3845		50.0	
3846		49.0	
3847		51.0	
3848		49.0	
3849		50.0	
3850		50.0	
3851		50.0	
3852		49.0	
3853		50.0	
3854		49.0	
3855		50.0	
3856		49.0	
3857		50.0	
3858		48.0	
3859		49.0	
3860		49.0	
3861		49.0	
3862		50.0	
3863		49.0	
3864		50.0	
3865		50.0	
3866		50.0	
3867		51.0	
3868		49.0	
3869		51.0	
3870		49.0	
3871		50.0	
3872		49.0	
3873		50.0	
3874		49.0	
3875		50.0	
3876		50.0	
3877		50.0	
3878		49.0	
3879		50.0	
3880		49.0	
3881		49.0	
3882		49.0	
3883		50.0	
3884		49.0	
3885		50.0	
3886		50.0	
3887		49.0	
3888		49.0	
3889		50.0	
3890		49.0	
3891		49.0	
3892		50.0	
3893		50.0	
3894		49.0	
3895		50.0	
3896		49.0	
3897		50.0	
3898		49.0	
3899		49.0	
3900		49.0	
3901		49.0	
3902		50.0	
3903		50.0	
3904		50.0	
3905		50.0	
3906		49.0	
3907		49.0	
3908		50.0	
3909		50.0	
3910		49.0	
3911		51.0	
3912		50.0	
3913		49.0	
3914		50.0	
3915		50.0	
3916		49.0	
3917		50.0	
3918		49.0	
3919		49.0	
3920		49.0	
3921		50.0	
3922		49.0	
3923		49.0	
3924		50.0	
3925		50.0	
3926		49.0	
3927		50.0	
3928		48.0	
3929		50.0	
3930		49.0	
3931		50.0	
3932		49.0	
3933		50.0	
3934		50.0	
3935		50.0	
3936		49.0	
3937		49.0	
3938		50.0	
3939		49.0	
3940		49.0	
3941		49.0	
3942		50.0	
3943		49.0	
3944		50.0	
3945		50.0	
3946		49.0	
3947		51.0	
3948		49.0	
3949		50.0	
3950		49.0	
3951		50.0	
3952		50.0	
3953		49.0	
3954		49.0	
3955		50.0	
3956		50.0	
3957		50.0	
3958		50.0	
3959		51.0	
3960		50.0	
3961		49.0	
3962		50.0	
3963		50.0	
3964		50.0	
3965		50.0	
3966		49.0	
3967		50.0	
3968		49.0	
3969		50.0	
3970		49.0	
3971		50.0	
3972		49.0	
3973		49.0	
3974		49.0	
3975		50.0	
3976		49.0	
3977		50.0	
3978		48.0	
3979		49.0	
3980		49.0	
3981		50.0	
3982		50.0	
3983		49.0	
3984		49.0	
3985		48.0	
3986		49.0	
3987		49.0	
3988		49.0	
3989		50.0	
3990		50.0	
3991		49.0	
3992		49.0	
3993		50.0	
3994		50.0	
3995		50.0	
3996		49.0	
3997		50.0	
3998		50.0	
3999		50.0	
4000		49.0	
4001		49.0	
4002		48.0	
4003		49.0	
4004		50.0	
4005		49.0	
4006		49.0	
4007		50.0	
4008		50.0	
4009		49.0	
4010		49.0	
4011		49.0	
4012		49.0	
4013		50.0	
4014		49.0	
4015		50.0	
4016		50.0	
4017		49.0	
4018		50.0	
4019		50.0	
4020		50.0	
4021		50.0	
4022		49.0	
4023		49.0	
4024		49.0	
4025		49.0	
4026		49.0	
4027		51.0	
4028		49.0	
4029		49.0	
4030		49.0	
4031		50.0	
4032		49.0	
4033		50.0	
4034		49.0	
4035		49.0	
4036		49.0	
4037		49.0	
4038		50.0	
4039		49.0	
4040		49.0	
4041		49.0	
4042		49.0	
4043		50.0	
4044		49.0	
4045		49.0	
4046		49.0	
4047		49.0	
4048		49.0	
4049		49.0	
4050		50.0	
4051		50.0	
4052		49.0	
4053		49.0	
4054		49.0	
4055		50.0	
4056		49.0	
4057		50.0	
4058		48.0	
4059		50.0	
4060		49.0	
4061		50.0	
4062		50.0	
4063		51.0	
4064		49.0	
4065		50.0	
4066		49.0	
4067		49.0	
4068		49.0	
4069		49.0	
4070		49.0	
4071		50.0	
4072		49.0	
4073		50.0	
4074		49.0	
4075		50.0	
4076		50.0	
4077		50.0	
4078		49.0	
4079		50.0	
4080		49.0	
4081		51.0	
4082		49.0	
4083		51.0	
4084		49.0	
4085		51.0	
4086		49.0	
4087		50.0	
4088		49.0	
4089		50.0	
4090		49.0	
4091		50.0	
4092		50.0	
4093		50.0	
4094		50.0	
4095		51.0	
4096		49.0	
4097		50.0	
4098		49.0	
4099		50.0	
4100		50.0	
4101		48.0	
4102		50.0	
4103		50.0	
4104		49.0	
4105		49.0	
4106		50.0	
4107		50.0	
4108		49.0	
4109		50.0	
4110		49.0	
4111		48.0	
4112		49.0	
4113		49.0	
4114		49.0	
4115		50.0	
4116		48.0	
4117		49.0	
4118		49.0	
4119		50.0	
4120		49.0	
4121		49.0	
4122		48.0	
4123		49.0	
4124		50.0	
4125		49.0	
4126		49.0	
4127		49.0	
4128		49.0	
4129		50.0	
4130		49.0	
4131		50.0	
4132		51.0	
4133		51.0	
4134		48.0	
4135		50.0	
4136		49.0	
4137		50.0	
4138		49.0	
4139		51.0	
4140		50.0	
4141		50.0	
4142		49.0	
4143		49.0	
4144		49.0	
4145		50.0	
4146		49.0	
4147		49.0	
4148		49.0	
4149		49.0	
4150		50.0	
4151		50.0	
4152		49.0	
4153		49.0	
4154		49.0	
4155		49.0	
4156		50.0	
4157		50.0	
4158		49.0	
4159		50.0	
4160		49.0	
4161		49.0	
4162		49.0	
4163		50.0	
4164		49.0	
4165		50.0	
4166		50.0	
4167		50.0	
4168		48.0	
4169		50.0	
4170		50.0	
4171		50.0	
4172		49.0	
4173		50.0	
4174		50.0	
4175		50.0	
4176		49.0	
4177		50.0	
4178		49.0	
4179		49.0	
4180		49.0	
4181		50.0	
4182		48.0	
4183		50.0	
4184		50.0	
4185		50.0	
4186		50.0	
4187		49.0	
4188		50.0	
4189		51.0	
4190		50.0	
4191		51.0	
4192		49.0	
4193		50.0	
4194		50.0	
4195		50.0	
4196		50.0	
4197		50.0	
4198		50.0	
4199		50.0	
4200		48.0	
4201		49.0	
4202		49.0	
4203		50.0	
4204		49.0	
4205		49.0	
4206		48.0	
4207		49.0	
4208		49.0	
4209		50.0	
4210		49.0	
4211		49.0	
4212		50.0	
4213		50.0	
4214		50.0	
4215		50.0	
4216		50.0	
4217		50.0	
4218		49.0	
4219		50.0	
4220		50.0	
4221		49.0	
4222		49.0	
4223		50.0	
4224		50.0	
4225		50.0	
4226		49.0	
4227		49.0	
4228		50.0	
4229		50.0	
4230		50.0	
4231		51.0	
4232		51.0	
4233		50.0	
4234		50.0	
4235		49.0	
4236		49.0	
4237		51.0	
4238		49.0	
4239		50.0	
4240		50.0	
4241		50.0	
4242		50.0	
4243		49.0	
4244		49.0	
4245		49.0	
4246		49.0	
4247		50.0	
4248		49.0	
4249		50.0	
4250		49.0	
4251		50.0	
4252		50.0	
4253		49.0	
4254		49.0	
4255		50.0	
4256		49.0	
4257		49.0	
4258		49.0	
4259		50.0	
4260		50.0	
4261		50.0	
4262		50.0	
4263		49.0	
4264		49.0	
4265		50.0	
4266		49.0	
4267		50.0	
4268		49.0	
4269		49.0	
4270		49.0	
4271		50.0	
4272		49.0	
4273		49.0	
4274		49.0	
4275		49.0	
4276		49.0	
4277		49.0	
4278		49.0	
4279		50.0	
4280		50.0	
4281		49.0	
4282		49.0	
4283		50.0	
4284		49.0	
4285		49.0	
4286		50.0	
4287		51.0	
4288		50.0	
4289		50.0	
4290		49.0	
4291		49.0	
4292		49.0	
4293		51.0	
4294		50.0	
4295		50.0	
4296		49.0	
4297		50.0	
4298		49.0	
4299		50.0	
4300		49.0	
4301		49.0	
4302		50.0	
4303		50.0	
4304		50.0	
4305		51.0	
4306		49.0	
4307		50.0	
4308		50.0	
4309		50.0	
4310		49.0	
4311		50.0	
4312		50.0	
4313		49.0	
4314		49.0	
4315		50.0	
4316		50.0	
4317		49.0	
4318		50.0	
4319		50.0	
4320		50.0	
4321		50.0	
4322		49.0	
4323		50.0	
4324		51.0	
4325		50.0	
4326		50.0	
4327		50.0	
4328		49.0	
4329		50.0	
4330		49.0	
4331		51.0	
4332		50.0	
4333		51.0	
4334		50.0	
4335		49.0	
4336		50.0	
4337		51.0	
4338		49.0	
4339		50.0	
4340		50.0	
4341		50.0	
4342		50.0	
4343		51.0	
4344		49.0	
4345		49.0	
4346		49.0	
4347		50.0	
4348		50.0	
4349		50.0	
4350		49.0	
4351		51.0	
4352		50.0	
4353		50.0	
4354		49.0	
4355		50.0	
4356		49.0	
4357		50.0	
4358		49.0	
4359		50.0	
4360		49.0	
4361		50.0	
4362		50.0	
4363		50.0	
4364		49.0	
4365		49.0	
4366		48.0	
4367		51.0	
4368		49.0	
4369		50.0	
4370		49.0	
4371		49.0	
4372		50.0	
4373		50.0	
4374		50.0	
4375		50.0	
4376		49.0	
4377		51.0	
4378		50.0	
4379		50.0	
4380		50.0	
4381		51.0	
4382		50.0	
4383		49.0	
4384		49.0	
4385		49.0	
4386		48.0	
4387		49.0	
4388		49.0	
4389		50.0	
4390		50.0	
4391		49.0	
4392		50.0	
4393		49.0	
4394		49.0	
4395		50.0	
4396		50.0	
4397		50.0	
4398		49.0	
4399		51.0	
4400		49.0	
4401		50.0	
4402		49.0	
4403		51.0	
4404		50.0	
4405		50.0	
4406		49.0	
4407		50.0	
4408		51.0	
4409		50.0	
4410		49.0	
4411		49.0	
4412		50.0	
4413		49.0	
4414		49.0	
4415		49.0	
4416		50.0	
4417		50.0	
4418		50.0	
4419		50.0	
4420		50.0	
4421		49.0	
4422		50.0	
4423		49.0	
4424		49.0	
4425		50.0	
4426		50.0	
4427		49.0	
4428		50.0	
4429		49.0	
4430		50.0	
4431		50.0	
4432		50.0	
4433		49.0	
4434		49.0	
4435		50.0	
4436		49.0	
4437		49.0	
4438		49.0	
4439		50.0	
4440		49.0	
4441		50.0	
4442		50.0	
4443		50.0	
4444		49.0	
4445		49.0	
4446		50.0	
4447		49.0	
4448		50.0	
4449		50.0	
4450		50.0	
4451		49.0	
4452		50.0	
4453		51.0	
4454		50.0	
4455		50.0	
4456		50.0	
4457		49.0	
4458		50.0	
4459		49.0	
4460		50.0	
4461		49.0	
4462		51.0	
4463		50.0	
4464		50.0	
4465		50.0	
4466		50.0	
4467		50.0	
4468		51.0	
4469		49.0	
4470		50.0	
4471		49.0	
4472		49.0	
4473		49.0	
4474		50.0	
4475		50.0	
4476		50.0	
4477		49.0	
4478		49.0	
4479		51.0	
4480		49.0	
4481		49.0	
4482		50.0	
4483		50.0	
4484		49.0	
4485		51.0	
4486		50.0	
4487		50.0	
4488		50.0	
4489		49.0	
4490		50.0	
4491		50.0	
4492		50.0	
4493		49.0	
4494		50.0	
4495		49.0	
4496		50.0	
4497		50.0	
4498		50.0	
4499		50.0	
4500		50.0	
4501		49.0	
4502		50.0	
4503		49.0	
4504		50.0	
4505		50.0	
4506		51.0	
4507		49.0	
4508		49.0	
4509		49.0	
4510		50.0	
4511		50.0	
4512		50.0	
4513		50.0	
4514		49.0	
4515		50.0	
4516		50.0	
4517		49.0	
4518		51.0	
4519		49.0	
4520		50.0	
4521		49.0	
4522		50.0	
4523		49.0	
4524		50.0	
4525		50.0	
4526		50.0	
4527		50.0	
4528		50.0	
4529		49.0	
4530		50.0	
4531		50.0	
4532		49.0	
4533		50.0	
4534		49.0	
4535		50.0	
4536		50.0	
4537		50.0	
4538		51.0	
4539		50.0	
4540		50.0	
4541		50.0	
4542		49.0	
4543		50.0	
4544		49.0	
4545		50.0	
4546		51.0	
4547		50.0	
4548		49.0	
4549		50.0	
4550		51.0	
4551		51.0	
4552		49.0	
4553		50.0	
4554		48.0	
4555		49.0	
4556		49.0	
4557		50.0	
4558		49.0	
4559		50.0	
4560		49.0	
4561		50.0	
4562		50.0	
4563		50.0	
4564		49.0	
4565		49.0	
4566		50.0	
4567		50.0	
4568		50.0	
4569		50.0	
4570		50.0	
4571		49.0	
4572		50.0	
4573		49.0	
4574		49.0	
4575		49.0	
4576		49.0	
4577		49.0	
4578		49.0	
4579		50.0	
4580		49.0	
4581		50.0	
4582		49.0	
4583		50.0	
4584		50.0	
4585		49.0	
4586		50.0	
4587		49.0	
4588		49.0	
4589		49.0	
4590		49.0	
4591		49.0	
4592		50.0	
4593		50.0	
4594		49.0	
4595		49.0	
4596		50.0	
4597		50.0	
4598		49.0	
4599		50.0	
4600		50.0	
4601		49.0	
4602		50.0	
4603		50.0	
4604		50.0	
4605		49.0	
4606		49.0	
4607		50.0	
4608		49.0	
4609		49.0	
4610		50.0	
4611		50.0	
4612		50.0	
4613		50.0	
4614		49.0	
4615		49.0	
4616		49.0	
4617		50.0	
4618		50.0	
4619		49.0	
4620		49.0	
4621		49.0	
4622		50.0	
4623		49.0	
4624		50.0	
4625		50.0	
4626		50.0	
4627		50.0	
4628		49.0	
4629		50.0	
4630		51.0	
4631		48.0	
4632		49.0	
4633		50.0	
4634		49.0	
4635		49.0	
4636		50.0	
4637		51.0	
4638		51.0	
4639		50.0	
4640		50.0	
4641		50.0	
4642		50.0	
4643		49.0	
4644		50.0	
4645		49.0	
4646		50.0	
4647		50.0	
4648		50.0	
4649		50.0	
4650		50.0	
4651		50.0	
4652		49.0	
4653		49.0	
4654		49.0	
4655		49.0	
4656		50.0	
4657		49.0	
4658		50.0	
4659		50.0	
4660		49.0	
4661		50.0	
4662		50.0	
4663		50.0	
4664		50.0	
4665		49.0	
4666		49.0	
4667		50.0	
4668		50.0	
4669		49.0	
4670		49.0	
4671		49.0	
4672		50.0	
4673		50.0	
4674		50.0	
4675		49.0	
4676		50.0	
4677		50.0	
4678		50.0	
4679		50.0	
4680		50.0	
4681		50.0	
4682		50.0	
4683		50.0	
4684		50.0	
4685		49.0	
4686		50.0	
4687		49.0	
4688		50.0	
4689		50.0	
4690		50.0	
4691		51.0	
4692		49.0	
4693		50.0	
4694		50.0	
4695		50.0	
4696		50.0	
4697		49.0	
4698		50.0	
4699		49.0	
4700		49.0	
4701		49.0	
4702		49.0	
4703		49.0	
4704		50.0	
4705		49.0	
4706		50.0	
4707		50.0	
4708		50.0	
4709		49.0	
4710		48.0	
4711		49.0	
4712		50.0	
4713		49.0	
4714		49.0	
4715		49.0	
4716		49.0	
4717		50.0	
4718		50.0	
4719		50.0	
4720		50.0	
4721		49.0	
4722		49.0	
4723		50.0	
4724		50.0	
4725		49.0	
4726		49.0	
4727		50.0	
4728		49.0	
4729		50.0	
4730		50.0	
4731		49.0	
4732		49.0	
4733		50.0	
4734		49.0	
4735		50.0	
4736		49.0	
4737		49.0	
4738		50.0	
4739		50.0	
4740		49.0	
4741		49.0	
4742		50.0	
4743		50.0	
4744		49.0	
4745		50.0	
4746		50.0	
4747		49.0	
4748		49.0	
4749		50.0	
4750		50.0	
4751		49.0	
4752		49.0	
4753		50.0	
4754		50.0	
4755		50.0	
4756		50.0	
4757		50.0	
4758		48.0	
4759		49.0	
4760		49.0	
4761		50.0	
4762		50.0	
4763		50.0	
4764		50.0	
4765		49.0	
4766		50.0	
4767		50.0	
4768		49.0	
4769		49.0	
4770		49.0	
4771		49.0	
4772		49.0	
4773		49.0	
4774		49.0	
4775		50.0	
4776		50.0	
4777		49.0	
4778		50.0	
4779		50.0	
4780		49.0	
4781		50.0	
4782		49.0	
4783		49.0	
4784		50.0	
4785		50.0	
4786		49.0	
4787		50.0	
4788		50.0	
4789		51.0	
4790		51.0	
4791		49.0	
4792		50.0	
4793		49.0	
4794		50.0	
4795		50.0	
4796		51.0	
4797		49.0	
4798		50.0	
4799		49.0	
4800		49.0	
4801		49.0	
4802		50.0	
4803		50.0	
4804		49.0	
4805		49.0	
4806		51.0	
4807		50.0	
4808		50.0	
4809		49.0	
4810		50.0	
4811		51.0	
4812		50.0	
4813		50.0	
4814		49.0	
4815		51.0	
4816		49.0	
4817		50.0	
4818		50.0	
4819		50.0	
4820		48.0	
4821		49.0	
4822		49.0	
4823		49.0	
4824		49.0	
4825		50.0	
4826		50.0	
4827		49.0	
4828		50.0	
4829		49.0	
4830		49.0	
4831		51.0	
4832		50.0	
4833		50.0	
4834		49.0	
4835		49.0	
4836		49.0	
4837		49.0	
4838		50.0	
4839		48.0	
4840		50.0	
4841		49.0	
4842		49.0	
4843		50.0	
4844		50.0	
4845		51.0	
4846		51.0	
4847		50.0	
4848		50.0	
4849		49.0	
4850		50.0	
4851		51.0	
4852		50.0	
4853		50.0	
4854		51.0	
4855		50.0	
4856		49.0	
4857		50.0	
4858		50.0	
4859		49.0	
4860		50.0	
4861		50.0	
4862		49.0	
4863		49.0	
4864		51.0	
4865		49.0	
4866		50.0	
4867		49.0	
4868		50.0	
4869		50.0	
4870		50.0	
4871		51.0	
4872		50.0	
4873		51.0	
4874		50.0	
4875		50.0	
4876		51.0	
4877		50.0	
4878		50.0	
4879		51.0	
4880		50.0	
4881		50.0	
4882		50.0	
4883		50.0	
4884		51.0	
4885		49.0	
4886		50.0	
4887		50.0	
4888		50.0	
4889		50.0	
4890		50.0	
4891		50.0	
4892		50.0	
4893		49.0	
4894		50.0	
4895		49.0	
4896		50.0	
4897		50.0	
4898		50.0	
4899		49.0	
4900		50.0	
4901		50.0	
4902		49.0	
4903		50.0	
4904		50.0	
4905		49.0	
4906		51.0	
4907		50.0	
4908		50.0	
4909		50.0	
4910		50.0	
4911		51.0	
4912		50.0	
4913		49.0	
4914		51.0	
4915		49.0	
4916		51.0	
4917		49.0	
4918		50.0	
4919		50.0	
4920		52.0	
4921		50.0	
4922		50.0	
4923		50.0	
4924		50.0	
4925		50.0	
4926		50.0	
4927		51.0	
4928		50.0	
4929		50.0	
4930		50.0	
4931		50.0	
4932		50.0	
4933		50.0	
4934		51.0	
4935		50.0	
4936		50.0	
4937		50.0	
4938		50.0	
4939		49.0	
4940		50.0	
4941		50.0	
4942		51.0	
4943		51.0	
4944		50.0	
4945		49.0	
4946		50.0	
4947		50.0	
4948		49.0	
4949		50.0	
4950		50.0	
4951		50.0	
4952		50.0	
4953		50.0	
4954		50.0	
4955		50.0	
4956		49.0	
4957		49.0	
4958		50.0	
4959		49.0	
4960		49.0	
4961		48.0	
4962		49.0	
4963		49.0	
4964		49.0	
4965		49.0	
4966		50.0	
4967		49.0	
4968		50.0	
4969		49.0	
4970		51.0	
4971		49.0	
4972		51.0	
4973		48.0	
4974		50.0	
4975		49.0	
4976		50.0	
4977		50.0	
4978		49.0	
4979		49.0	
4980		50.0	
4981		50.0	
4982		50.0	
4983		49.0	
4984		49.0	
4985		49.0	
4986		50.0	
4987		49.0	
4988		51.0	
4989		49.0	
4990		50.0	
4991		49.0	
4992		50.0	
4993		49.0	
4994		50.0	
4995		49.0	
4996		49.0	
4997		49.0	
4998		49.0	
4999		49.0	
5000		48.0	
5001		50.0	
5002		49.0	
5003		50.0	
5004		51.0	
5005		50.0	
5006		50.0	
5007		49.0	
5008		50.0	
5009		51.0	
5010		50.0	
5011		51.0	
5012		50.0	
5013		50.0	
5014		49.0	
5015		50.0	
5016		51.0	
5017		50.0	
5018		50.0	
5019		49.0	
5020		49.0	
5021		49.0	
5022		50.0	
5023		50.0	
5024		50.0	
5025		50.0	
5026		50.0	
5027		49.0	
5028		50.0	
5029		50.0	
5030		49.0	
5031		49.0	
5032		49.0	
5033		49.0	
5034		50.0	
5035		50.0	
5036		50.0	
5037		49.0	
5038		50.0	
5039		50.0	
5040		51.0	
5041		50.0	
5042		51.0	
5043		50.0	
5044		50.0	
5045		50.0	
5046		50.0	
5047		50.0	
5048		50.0	
5049		51.0	
5050		50.0	
5051		50.0	
5052		50.0	
5053		49.0	
5054		50.0	
5055		49.0	
5056		50.0	
5057		49.0	
5058		51.0	
5059		50.0	
5060		49.0	
5061		49.0	
5062		50.0	
5063		50.0	
5064		50.0	
5065		49.0	
5066		49.0	
5067		49.0	
5068		50.0	
5069		49.0	
5070		49.0	
5071		48.0	
5072		49.0	
5073		50.0	
5074		51.0	
5075		50.0	
5076		50.0	
5077		50.0	
5078		51.0	
5079		49.0	
5080		50.0	
5081		49.0	
5082		50.0	
5083		49.0	
5084		50.0	
5085		50.0	
5086		49.0	
5087		50.0	
5088		49.0	
5089		50.0	
5090		49.0	
5091		50.0	
5092		49.0	
5093		49.0	
5094		50.0	
5095		51.0	
5096		49.0	
5097		50.0	
5098		50.0	
5099		51.0	
5100		50.0	
5101		50.0	
5102		49.0	
5103		49.0	
5104		50.0	
5105		50.0	
5106		49.0	
5107		50.0	
5108		49.0	
5109		51.0	
5110		49.0	
5111		50.0	
5112		49.0	
5113		49.0	
5114		49.0	
5115		50.0	
5116		49.0	
5117		50.0	
5118		49.0	
5119		49.0	
5120		49.0	
5121		50.0	
5122		49.0	
5123		50.0	
5124		50.0	
5125		50.0	
5126		50.0	
5127		49.0	
5128		50.0	
5129		50.0	
5130		50.0	
5131		49.0	
5132		50.0	
5133		50.0	
5134		51.0	
5135		50.0	
5136		50.0	
5137		50.0	
5138		50.0	
5139		49.0	
5140		49.0	
5141		50.0	
5142		49.0	
5143		50.0	
5144		50.0	
5145		50.0	
5146		50.0	
5147		51.0	
5148		50.0	
5149		50.0	
5150		50.0	
5151		50.0	
5152		51.0	
5153		50.0	
5154		50.0	
5155		50.0	
5156		50.0	
5157		49.0	
5158		50.0	
5159		50.0	
5160		50.0	
5161		50.0	
5162		50.0	
5163		50.0	
5164		50.0	
5165		50.0	
5166		51.0	
5167		50.0	
5168		51.0	
5169		50.0	
5170		49.0	
5171		50.0	
5172		50.0	
5173		51.0	
5174		50.0	
5175		50.0	
5176		50.0	
5177		50.0	
5178		52.0	
5179		51.0	
5180		49.0	
5181		49.0	
5182		49.0	
5183		49.0	
5184		51.0	
5185		50.0	
5186		50.0	
5187		50.0	
5188		50.0	
5189		50.0	
5190		50.0	
5191		51.0	
5192		51.0	
5193		50.0	
5194		49.0	
5195		50.0	
5196		50.0	
5197		51.0	
5198		50.0	
5199		51.0	
5200		51.0	
5201		50.0	
5202		50.0	
5203		50.0	
5204		50.0	
5205		51.0	
5206		51.0	
5207		51.0	
5208		49.0	
5209		49.0	
5210		51.0	
5211		51.0	
5212		51.0	
5213		49.0	
5214		50.0	
5215		49.0	
5216		49.0	
5217		50.0	
5218		49.0	
5219		49.0	
5220		50.0	
5221		50.0	
5222		49.0	
5223		49.0	
5224		50.0	
5225		51.0	
5226		50.0	
5227		50.0	
5228		50.0	
5229		49.0	
5230		50.0	
5231		49.0	
5232		50.0	
5233		50.0	
5234		50.0	
5235		50.0	
5236		50.0	
5237		51.0	
5238		50.0	
5239		49.0	
5240		50.0	
5241		50.0	
5242		50.0	
5243		49.0	
5244		50.0	
5245		50.0	
5246		50.0	
5247		50.0	
5248		50.0	
5249		51.0	
5250		50.0	
5251		51.0	
5252		51.0	
5253		50.0	
5254		50.0	
5255		51.0	
5256		50.0	
5257		49.0	
5258		50.0	
5259		50.0	
5260		50.0	
5261		49.0	
5262		51.0	
5263		49.0	
5264		50.0	
5265		51.0	
5266		49.0	
5267		50.0	
5268		50.0	
5269		50.0	
5270		51.0	
5271		50.0	
5272		50.0	
5273		50.0	
5274		49.0	
5275		50.0	
5276		50.0	
5277		50.0	
5278		50.0	
5279		50.0	
5280		50.0	
5281		49.0	
5282		49.0	
5283		50.0	
5284		50.0	
5285		50.0	
5286		51.0	
5287		51.0	
5288		50.0	
5289		49.0	
5290		50.0	
5291		49.0	
5292		49.0	
5293		49.0	
5294		50.0	
5295		50.0	
5296		50.0	
5297		49.0	
5298		51.0	
5299		50.0	
5300		51.0	
5301		50.0	
5302		50.0	
5303		50.0	
5304		51.0	
5305		51.0	
5306		50.0	
5307		50.0	
5308		51.0	
5309		50.0	
5310		50.0	
5311		50.0	
5312		50.0	
5313		51.0	
5314		50.0	
5315		50.0	
5316		50.0	
5317		50.0	
5318		50.0	
5319		51.0	
5320		51.0	
5321		50.0	
5322		50.0	
5323		51.0	
5324		50.0	
5325		49.0	
5326		50.0	
5327		51.0	
5328		49.0	
5329		51.0	
5330		50.0	
5331		50.0	
5332		50.0	
5333		51.0	
5334		51.0	
5335		49.0	
5336		50.0	
5337		49.0	
5338		49.0	
5339		49.0	
5340		49.0	
5341		49.0	
5342		49.0	
5343		49.0	
5344		50.0	
5345		50.0	
5346		49.0	
5347		51.0	
5348		49.0	
5349		50.0	
5350		50.0	
5351		50.0	
5352		50.0	
5353		49.0	
5354		50.0	
5355		51.0	
5356		50.0	
5357		49.0	
5358		50.0	
5359		50.0	
5360		50.0	
5361		50.0	
5362		50.0	
5363		49.0	
5364		50.0	
5365		50.0	
5366		50.0	
5367		49.0	
5368		50.0	
5369		50.0	
5370		50.0	
5371		50.0	
5372		50.0	
5373		50.0	
5374		51.0	
5375		50.0	
5376		50.0	
5377		49.0	
5378		50.0	
5379		50.0	
5380		50.0	
5381		49.0	
5382		50.0	
5383		49.0	
5384		50.0	
5385		51.0	
5386		50.0	
5387		50.0	
5388		50.0	
5389		51.0	
5390		50.0	
5391		50.0	
5392		49.0	
5393		50.0	
5394		50.0	
5395		50.0	
5396		50.0	
5397		49.0	
5398		50.0	
5399		50.0	
5400		49.0	
5401		50.0	
5402		50.0	
5403		50.0	
5404		50.0	
5405		49.0	
5406		49.0	
5407		51.0	
5408		50.0	
5409		51.0	
5410		50.0	
5411		50.0	
5412		50.0	
5413		50.0	
5414		50.0	
5415		50.0	
5416		50.0	
5417		49.0	
5418		51.0	
5419		51.0	
5420		50.0	
5421		49.0	
5422		49.0	
5423		50.0	
5424		50.0	
5425		49.0	
5426		50.0	
5427		49.0	
5428		49.0	
5429		50.0	
5430		50.0	
5431		51.0	
5432		51.0	
5433		50.0	
5434		50.0	
5435		50.0	
5436		49.0	
5437		50.0	
5438		50.0	
5439		50.0	
5440		50.0	
5441		50.0	
5442		50.0	
5443		52.0	
5444		50.0	
5445		50.0	
5446		51.0	
5447		49.0	
5448		50.0	
5449		51.0	
5450		50.0	
5451		51.0	
5452		51.0	
5453		51.0	
5454		51.0	
5455		50.0	
5456		51.0	
5457		50.0	
5458		49.0	
5459		50.0	
5460		50.0	
5461		50.0	
5462		51.0	
5463		51.0	
5464		51.0	
5465		49.0	
5466		50.0	
5467		50.0	
5468		50.0	
5469		50.0	
5470		50.0	
5471		50.0	
5472		50.0	
5473		50.0	
5474		51.0	
5475		51.0	
5476		51.0	
5477		50.0	
5478		49.0	
5479		49.0	
5480		50.0	
5481		51.0	
5482		51.0	
5483		49.0	
5484		50.0	
5485		50.0	
5486		50.0	
5487		50.0	
5488		49.0	
5489		50.0	
5490		49.0	
5491		50.0	
5492		50.0	
5493		50.0	
5494		51.0	
5495		50.0	
5496		51.0	
5497		50.0	
5498		49.0	
5499		50.0	
5500		50.0	
5501		50.0	
5502		50.0	
5503		50.0	
5504		50.0	
5505		50.0	
5506		51.0	
5507		50.0	
5508		50.0	
5509		50.0	
5510		50.0	
5511		51.0	
5512		50.0	
5513		50.0	
5514		50.0	
5515		51.0	
5516		49.0	
5517		50.0	
5518		51.0	
5519		49.0	
5520		49.0	
5521		49.0	
5522		49.0	
5523		50.0	
5524		51.0	
5525		50.0	
5526		49.0	
5527		50.0	
5528		49.0	
5529		49.0	
5530		50.0	
5531		50.0	
5532		50.0	
5533		50.0	
5534		49.0	
5535		51.0	
5536		50.0	
5537		50.0	
5538		50.0	
5539		50.0	
5540		49.0	
5541		49.0	
5542		51.0	
5543		50.0	
5544		50.0	
5545		51.0	
5546		50.0	
5547		50.0	
5548		50.0	
5549		50.0	
5550		51.0	
5551		50.0	
5552		49.0	
5553		50.0	
5554		50.0	
5555		49.0	
5556		50.0	
5557		50.0	
5558		49.0	
5559		49.0	
5560		49.0	
5561		50.0	
5562		50.0	
5563		50.0	
5564		49.0	
5565		49.0	
5566		49.0	
5567		49.0	
5568		49.0	
5569		50.0	
5570		50.0	
5571		50.0	
5572		49.0	
5573		50.0	
5574		49.0	
5575		50.0	
5576		50.0	
5577		51.0	
5578		49.0	
5579		50.0	
5580		50.0	
5581		50.0	
5582		49.0	
5583		51.0	
5584		50.0	
5585		50.0	
5586		49.0	
5587		50.0	
5588		49.0	
5589		50.0	
5590		50.0	
5591		49.0	
5592		50.0	
5593		50.0	
5594		50.0	
5595		50.0	
5596		49.0	
5597		49.0	
5598		50.0	
5599		51.0	
5600		51.0	
5601		50.0	
5602		50.0	
5603		49.0	
5604		49.0	
5605		49.0	
5606		49.0	
5607		49.0	
5608		49.0	
5609		49.0	
5610		50.0	
5611		50.0	
5612		49.0	
5613		49.0	
5614		49.0	
5615		50.0	
5616		50.0	
5617		48.0	
5618		50.0	
5619		49.0	
5620		49.0	
5621		49.0	
5622		48.0	
5623		49.0	
5624		50.0	
5625		49.0	
5626		49.0	
5627		50.0	
5628		48.0	
5629		50.0	
5630		49.0	
5631		50.0	
5632		48.0	
5633		48.0	
5634		49.0	
5635		50.0	
5636		49.0	
5637		49.0	
5638		49.0	
5639		49.0	
5640		49.0	
5641		49.0	
5642		50.0	
5643		50.0	
5644		49.0	
5645		49.0	
5646		49.0	
5647		49.0	
5648		48.0	
5649		48.0	
5650		49.0	
5651		50.0	
5652		49.0	
5653		50.0	
5654		49.0	
5655		50.0	
5656		50.0	
5657		50.0	
5658		49.0	
5659		49.0	
5660		49.0	
5661		49.0	
5662		49.0	
5663		50.0	
5664		49.0	
5665		50.0	
5666		50.0	
5667		49.0	
5668		50.0	
5669		49.0	
5670		50.0	
5671		50.0	
5672		49.0	
5673		50.0	
5674		49.0	
5675		49.0	
5676		50.0	
5677		50.0	
5678		49.0	
5679		50.0	
5680		49.0	
5681		48.0	
5682		49.0	
5683		50.0	
5684		50.0	
5685		50.0	
5686		50.0	
5687		50.0	
5688		50.0	
5689		50.0	
5690		50.0	
5691		49.0	
5692		50.0	
5693		49.0	
5694		49.0	
5695		51.0	
5696		50.0	
5697		49.0	
5698		50.0	
5699		49.0	
5700		51.0	
5701		50.0	
5702		50.0	
5703		49.0	
5704		49.0	
5705		49.0	
5706		50.0	
5707		49.0	
5708		49.0	
5709		50.0	
5710		50.0	
5711		49.0	
5712		49.0	
5713		50.0	
5714		50.0	
5715		49.0	
5716		50.0	
5717		50.0	
5718		50.0	
5719		49.0	
5720		49.0	
5721		50.0	
5722		50.0	
5723		49.0	
5724		50.0	
5725		51.0	
5726		49.0	
5727		50.0	
5728		49.0	
5729		50.0	
5730		49.0	
5731		50.0	
5732		49.0	
5733		50.0	
5734		49.0	
5735		50.0	
5736		49.0	
5737		50.0	
5738		50.0	
5739		49.0	
5740		49.0	
5741		50.0	
5742		49.0	
5743		49.0	
5744		49.0	
5745		49.0	
5746		49.0	
5747		48.0	
5748		50.0	
5749		50.0	
5750		49.0	
5751		50.0	
5752		49.0	
5753		49.0	
5754		50.0	
5755		49.0	
5756		50.0	
5757		50.0	
5758		50.0	
5759		50.0	
5760		50.0	
5761		50.0	
5762		51.0	
5763		50.0	
5764		50.0	
5765		50.0	
5766		49.0	
5767		50.0	
5768		49.0	
5769		50.0	
5770		49.0	
5771		50.0	
5772		51.0	
5773		49.0	
5774		49.0	
5775		49.0	
5776		50.0	
5777		49.0	
5778		49.0	
5779		50.0	
5780		49.0	
5781		49.0	
5782		49.0	
5783		50.0	
5784		50.0	
5785		49.0	
5786		50.0	
5787		49.0	
5788		49.0	
5789		49.0	
5790		49.0	
5791		50.0	
5792		49.0	
5793		49.0	
5794		49.0	
5795		50.0	
5796		49.0	
5797		49.0	
5798		49.0	
5799		49.0	
5800		49.0	
5801		49.0	
5802		49.0	
5803		50.0	
5804		48.0	
5805		49.0	
5806		49.0	
5807		49.0	
5808		49.0	
5809		49.0	
5810		48.0	
5811		49.0	
5812		49.0	
5813		49.0	
5814		49.0	
5815		50.0	
5816		49.0	
5817		50.0	
5818		50.0	
5819		49.0	
5820		48.0	
5821		49.0	
5822		49.0	
5823		49.0	
5824		50.0	
5825		49.0	
5826		49.0	
5827		49.0	
5828		48.0	
5829		49.0	
5830		49.0	
5831		50.0	
5832		49.0	
5833		49.0	
5834		49.0	
5835		50.0	
5836		49.0	
5837		51.0	
5838		50.0	
5839		50.0	
5840		50.0	
5841		49.0	
5842		49.0	
5843		50.0	
5844		49.0	
5845		49.0	
5846		49.0	
5847		48.0	
5848		49.0	
5849		49.0	
5850		50.0	
5851		50.0	
5852		50.0	
5853		49.0	
5854		49.0	
5855		49.0	
5856		49.0	
5857		49.0	
5858		49.0	
5859		50.0	
5860		49.0	
5861		49.0	
5862		49.0	
5863		49.0	
5864		50.0	
5865		49.0	
5866		48.0	
5867		49.0	
5868		49.0	
5869		49.0	
5870		50.0	
5871		50.0	
5872		49.0	
5873		50.0	
5874		50.0	
5875		49.0	
5876		49.0	
5877		49.0	
5878		50.0	
5879		50.0	
5880		51.0	
5881		50.0	
5882		49.0	
5883		49.0	
5884		49.0	
5885		50.0	
5886		48.0	
5887		48.0	
5888		50.0	
5889		49.0	
5890		50.0	
5891		49.0	
5892		49.0	
5893		49.0	
5894		50.0	
5895		50.0	
5896		50.0	
5897		50.0	
5898		49.0	
5899		50.0	
5900		49.0	
5901		49.0	
5902		49.0	
5903		50.0	
5904		49.0	
5905		49.0	
5906		50.0	
5907		51.0	
5908		49.0	
5909		49.0	
5910		50.0	
5911		49.0	
5912		49.0	
5913		50.0	
5914		50.0	
5915		49.0	
5916		50.0	
5917		49.0	
5918		48.0	
5919		48.0	
5920		49.0	
5921		50.0	
5922		49.0	
5923		49.0	
5924		49.0	
5925		49.0	
5926		49.0	
5927		50.0	
5928		50.0	
5929		49.0	
5930		50.0	
5931		49.0	
5932		50.0	
5933		50.0	
5934		50.0	
5935		50.0	
5936		48.0	
5937		50.0	
5938		49.0	
5939		49.0	
5940		49.0	
5941		50.0	
5942		48.0	
5943		49.0	
5944		49.0	
5945		50.0	
5946		49.0	
5947		49.0	
5948		49.0	
5949		49.0	
5950		49.0	
5951		49.0	
5952		49.0	
5953		50.0	
5954		50.0	
5955		49.0	
5956		50.0	
5957		49.0	
5958		50.0	
5959		49.0	
5960		51.0	
5961		50.0	
5962		50.0	
5963		49.0	
5964		49.0	
5965		50.0	
5966		50.0	
5967		49.0	
5968		50.0	
5969		49.0	
5970		50.0	
5971		50.0	
5972		49.0	
5973		50.0	
5974		50.0	
5975		49.0	
5976		49.0	
5977		49.0	
5978		49.0	
5979		49.0	
5980		49.0	
5981		50.0	
5982		49.0	
5983		50.0	
5984		49.0	
5985		49.0	
5986		49.0	
5987		49.0	
5988		49.0	
5989		48.0	
5990		49.0	
5991		49.0	
5992		50.0	
5993		49.0	
5994		49.0	
5995		49.0	
5996		50.0	
5997		50.0	
5998		49.0	
5999		50.0	
6000		49.0	
6001		49.0	
6002		51.0	
6003		50.0	
6004		50.0	
6005		50.0	
6006		51.0	
6007		50.0	
6008		51.0	
6009		50.0	
6010		50.0	
6011		49.0	
6012		49.0	
6013		50.0	
6014		50.0	
6015		50.0	
6016		50.0	
6017		50.0	
6018		50.0	
6019		50.0	
6020		50.0	
6021		51.0	
6022		50.0	
6023		50.0	
6024		50.0	
6025		49.0	
6026		49.0	
6027		50.0	
6028		49.0	
6029		50.0	
6030		50.0	
6031		50.0	
6032		50.0	
6033		49.0	
6034		49.0	
6035		50.0	
6036		50.0	
6037		49.0	
6038		50.0	
6039		49.0	
6040		49.0	
6041		49.0	
6042		50.0	
6043		49.0	
6044		50.0	
6045		49.0	
6046		48.0	
6047		49.0	
6048		49.0	
6049		50.0	
6050		50.0	
6051		50.0	
6052		50.0	
6053		50.0	
6054		50.0	
6055		50.0	
6056		49.0	
6057		49.0	
6058		50.0	
6059		49.0	
6060		50.0	
6061		49.0	
6062		50.0	
6063		50.0	
6064		49.0	
6065		50.0	
6066		49.0	
6067		49.0	
6068		50.0	
6069		49.0	
6070		49.0	
6071		49.0	
6072		51.0	
6073		50.0	
6074		50.0	
6075		49.0	
6076		50.0	
6077		49.0	
6078		50.0	
6079		49.0	
6080		50.0	
6081		50.0	
6082		49.0	
6083		48.0	
6084		50.0	
6085		49.0	
6086		50.0	
6087		49.0	
6088		49.0	
6089		49.0	
6090		49.0	
6091		50.0	
6092		48.0	
6093		49.0	
6094		50.0	
6095		50.0	
6096		50.0	
6097		49.0	
6098		50.0	
6099		49.0	
6100		49.0	
6101		49.0	
6102		49.0	
6103		49.0	
6104		49.0	
6105		49.0	
6106		49.0	
6107		50.0	
6108		49.0	
6109		49.0	
6110		50.0	
6111		50.0	
6112		49.0	
6113		49.0	
6114		49.0	
6115		50.0	
6116		50.0	
6117		50.0	
6118		49.0	
6119		49.0	
6120		50.0	
6121		50.0	
6122		50.0	
6123		50.0	
6124		50.0	
6125		50.0	
6126		50.0	
6127		49.0	
6128		50.0	
6129		49.0	
6130		49.0	
6131		49.0	
6132		49.0	
6133		49.0	
6134		50.0	
6135		49.0	
6136		50.0	
6137		49.0	
6138		49.0	
6139		48.0	
6140		48.0	
6141		49.0	
6142		49.0	
6143		49.0	
6144		50.0	
6145		48.0	
6146		50.0	
6147		49.0	
6148		49.0	
6149		49.0	
6150		49.0	
6151		49.0	
6152		49.0	
6153		49.0	
6154		49.0	
6155		49.0	
6156		49.0	
6157		50.0	
6158		49.0	
6159		48.0	
6160		49.0	
6161		50.0	
6162		50.0	
6163		49.0	
6164		49.0	
6165		49.0	
6166		50.0	
6167		50.0	
6168		49.0	
6169		49.0	
6170		50.0	
6171		49.0	
6172		49.0	
6173		50.0	
6174		51.0	
6175		50.0	
6176		49.0	
6177		50.0	
6178		51.0	
6179		50.0	
6180		50.0	
6181		50.0	
6182		49.0	
6183		48.0	
6184		50.0	
6185		50.0	
6186		49.0	
6187		50.0	
6188		49.0	
6189		49.0	
6190		51.0	
6191		50.0	
6192		50.0	
6193		49.0	
6194		49.0	
6195		50.0	
6196		50.0	
6197		49.0	
6198		49.0	
6199		49.0	
6200		50.0	
6201		50.0	
6202		51.0	
6203		50.0	
6204		49.0	
6205		49.0	
6206		49.0	
6207		50.0	
6208		49.0	
6209		49.0	
6210		48.0	
6211		49.0	
6212		50.0	
6213		49.0	
6214		49.0	
6215		50.0	
6216		50.0	
6217		49.0	
6218		50.0	
6219		49.0	
6220		48.0	
6221		49.0	
6222		50.0	
6223		50.0	
6224		49.0	
6225		50.0	
6226		49.0	
6227		50.0	
6228		50.0	
6229		49.0	
6230		49.0	
6231		49.0	
6232		49.0	
6233		50.0	
6234		51.0	
6235		49.0	
6236		51.0	
6237		50.0	
6238		50.0	
6239		50.0	
6240		50.0	
6241		48.0	
6242		50.0	
6243		50.0	
6244		51.0	
6245		50.0	
6246		50.0	
6247		50.0	
6248		49.0	
6249		50.0	
6250		50.0	
6251		49.0	
6252		49.0	
6253		50.0	
6254		50.0	
6255		51.0	
6256		49.0	
6257		49.0	
6258		51.0	
6259		50.0	
6260		51.0	
6261		50.0	
6262		50.0	
6263		50.0	
6264		50.0	
6265		51.0	
6266		50.0	
6267		49.0	
6268		51.0	
6269		50.0	
6270		51.0	
6271		50.0	
6272		51.0	
6273		50.0	
6274		50.0	
6275		51.0	
6276		50.0	
6277		49.0	
6278		49.0	
6279		48.0	
6280		50.0	
6281		49.0	
6282		49.0	
6283		49.0	
6284		49.0	
6285		49.0	
6286		50.0	
6287		50.0	
6288		49.0	
6289		50.0	
6290		50.0	
6291		48.0	
6292		49.0	
6293		49.0	
6294		49.0	
6295		49.0	
6296		49.0	
6297		50.0	
6298		50.0	
6299		49.0	
6300		49.0	
6301		50.0	
6302		50.0	
6303		50.0	
6304		50.0	
6305		49.0	
6306		50.0	
6307		50.0	
6308		49.0	
6309		49.0	
6310		49.0	
6311		50.0	
6312		50.0	
6313		49.0	
6314		50.0	
6315		50.0	
6316		51.0	
6317		50.0	
6318		50.0	
6319		50.0	
6320		49.0	
6321		50.0	
6322		51.0	
6323		49.0	
6324		50.0	
6325		49.0	
6326		49.0	
6327		50.0	
6328		50.0	
6329		50.0	
6330		50.0	
6331		51.0	
6332		51.0	
6333		51.0	
6334		49.0	
6335		50.0	
6336		49.0	
6337		49.0	
6338		49.0	
6339		49.0	
6340		50.0	
6341		51.0	
6342		49.0	
6343		50.0	
6344		50.0	
6345		49.0	
6346		50.0	
6347		49.0	
6348		50.0	
6349		50.0	
6350		50.0	
6351		49.0	
6352		51.0	
6353		50.0	
6354		51.0	
6355		49.0	
6356		50.0	
6357		49.0	
6358		51.0	
6359		50.0	
6360		51.0	
6361		51.0	
6362		50.0	
6363		51.0	
6364		50.0	
6365		50.0	
6366		51.0	
6367		50.0	
6368		49.0	
6369		49.0	
6370		50.0	
6371		51.0	
6372		50.0	
6373		50.0	
6374		49.0	
6375		50.0	
6376		49.0	
6377		50.0	
6378		51.0	
6379		51.0	
6380		50.0	
6381		50.0	
6382		50.0	
6383		49.0	
6384		49.0	
6385		50.0	
6386		49.0	
6387		49.0	
6388		50.0	
6389		49.0	
6390		50.0	
6391		49.0	
6392		49.0	
6393		49.0	
6394		49.0	
6395		50.0	
6396		49.0	
6397		48.0	
6398		50.0	
6399		49.0	
6400		49.0	
6401		49.0	
6402		50.0	
6403		50.0	
6404		51.0	
6405		50.0	
6406		50.0	
6407		50.0	
6408		49.0	
6409		49.0	
6410		50.0	
6411		51.0	
6412		49.0	
6413		50.0	
6414		51.0	
6415		50.0	
6416		50.0	
6417		49.0	
6418		50.0	
6419		49.0	
6420		49.0	
6421		50.0	
6422		50.0	
6423		50.0	
6424		50.0	
6425		50.0	
6426		50.0	
6427		50.0	
6428		49.0	
6429		51.0	
6430		51.0	
6431		50.0	
6432		49.0	
6433		50.0	
6434		49.0	
6435		49.0	
6436		50.0	
6437		50.0	
6438		50.0	
6439		49.0	
6440		49.0	
6441		51.0	
6442		49.0	
6443		49.0	
6444		49.0	
6445		50.0	
6446		50.0	
6447		49.0	
6448		50.0	
6449		50.0	
6450		50.0	
6451		48.0	
6452		49.0	
6453		50.0	
6454		49.0	
6455		51.0	
6456		49.0	
6457		49.0	
6458		50.0	
6459		50.0	
6460		49.0	
6461		49.0	
6462		49.0	
6463		50.0	
6464		50.0	
6465		49.0	
6466		50.0	
6467		49.0	
6468		49.0	
6469		49.0	
6470		50.0	
6471		49.0	
6472		49.0	
6473		49.0	
6474		49.0	
6475		50.0	
6476		49.0	
6477		49.0	
6478		50.0	
6479		49.0	
6480		50.0	
6481		50.0	
6482		49.0	
6483		49.0	
6484		49.0	
6485		49.0	
6486		50.0	
6487		50.0	
6488		50.0	
6489		49.0	
6490		49.0	
6491		49.0	
6492		49.0	
6493		49.0	
6494		49.0	
6495		49.0	
6496		50.0	
6497		50.0	
6498		49.0	
6499		50.0	
6500		50.0	
6501		49.0	
6502		49.0	
6503		49.0	
6504		50.0	
6505		50.0	
6506		50.0	
6507		50.0	
6508		49.0	
6509		49.0	
6510		49.0	
6511		50.0	
6512		51.0	
6513		49.0	
6514		49.0	
6515		50.0	
6516		50.0	
6517		49.0	
6518		49.0	
6519		50.0	
6520		49.0	
6521		49.0	
6522		50.0	
6523		50.0	
6524		49.0	
6525		50.0	
6526		50.0	
6527		50.0	
6528		49.0	
6529		50.0	
6530		49.0	
6531		49.0	
6532		50.0	
6533		50.0	
6534		49.0	
6535		49.0	
6536		50.0	
6537		51.0	
6538		50.0	
6539		51.0	
6540		50.0	
6541		49.0	
6542		50.0	
6543		49.0	
6544		50.0	
6545		49.0	
6546		50.0	
6547		49.0	
6548		50.0	
6549		49.0	
6550		49.0	
6551		49.0	
6552		49.0	
6553		49.0	
6554		50.0	
6555		49.0	
6556		49.0	
6557		49.0	
6558		50.0	
6559		50.0	
6560		49.0	
6561		50.0	
6562		49.0	
6563		49.0	
6564		50.0	
6565		50.0	
6566		50.0	
6567		49.0	
6568		49.0	
6569		50.0	
6570		50.0	
6571		49.0	
6572		50.0	
6573		49.0	
6574		50.0	
6575		49.0	
6576		49.0	
6577		50.0	
6578		50.0	
6579		49.0	
6580		50.0	
6581		50.0	
6582		49.0	
6583		50.0	
6584		50.0	
6585		49.0	
6586		49.0	
6587		49.0	
6588		49.0	
6589		50.0	
6590		49.0	
6591		48.0	
6592		50.0	
6593		50.0	
6594		48.0	
6595		50.0	
6596		50.0	
6597		49.0	
6598		49.0	
6599		49.0	
6600		51.0	
6601		50.0	
6602		50.0	
6603		50.0	
6604		50.0	
6605		50.0	
6606		50.0	
6607		50.0	
6608		49.0	
6609		50.0	
6610		50.0	
6611		49.0	
6612		49.0	
6613		50.0	
6614		49.0	
6615		49.0	
6616		49.0	
6617		49.0	
6618		49.0	
6619		50.0	
6620		49.0	
6621		49.0	
6622		49.0	
6623		48.0	
6624		49.0	
6625		48.0	
6626		49.0	
6627		50.0	
6628		50.0	
6629		50.0	
6630		49.0	
6631		50.0	
6632		51.0	
6633		50.0	
6634		50.0	
6635		49.0	
6636		49.0	
6637		50.0	
6638		50.0	
6639		50.0	
6640		49.0	
6641		50.0	
6642		49.0	
6643		48.0	
6644		49.0	
6645		49.0	
6646		49.0	
6647		49.0	
6648		49.0	
6649		48.0	
6650		48.0	
6651		50.0	
6652		50.0	
6653		50.0	
6654		50.0	
6655		49.0	
6656		51.0	
6657		49.0	
6658		50.0	
6659		50.0	
6660		50.0	
6661		50.0	
6662		50.0	
6663		49.0	
6664		50.0	
6665		49.0	
6666		49.0	
6667		50.0	
6668		49.0	
6669		50.0	
6670		50.0	
6671		50.0	
6672		50.0	
6673		49.0	
6674		49.0	
6675		50.0	
6676		50.0	
6677		50.0	
6678		51.0	
6679		50.0	
6680		49.0	
6681		50.0	
6682		50.0	
6683		49.0	
6684		50.0	
6685		50.0	
6686		49.0	
6687		50.0	
6688		49.0	
6689		50.0	
6690		49.0	
6691		51.0	
6692		49.0	
6693		49.0	
6694		49.0	
6695		50.0	
6696		50.0	
6697		50.0	
6698		50.0	
6699		50.0	
6700		50.0	
6701		50.0	
6702		49.0	
6703		49.0	
6704		50.0	
6705		49.0	
6706		49.0	
6707		50.0	
6708		50.0	
6709		50.0	
6710		50.0	
6711		50.0	
6712		50.0	
6713		50.0	
6714		50.0	
6715		51.0	
6716		50.0	
6717		50.0	
6718		50.0	
6719		49.0	
6720		50.0	
6721		50.0	
6722		49.0	
6723		50.0	
6724		49.0	
6725		50.0	
6726		49.0	
6727		50.0	
6728		50.0	
6729		50.0	
6730		50.0	
6731		51.0	
6732		50.0	
6733		50.0	
6734		50.0	
6735		49.0	
6736		50.0	
6737		49.0	
6738		49.0	
6739		49.0	
6740		50.0	
6741		49.0	
6742		49.0	
6743		51.0	
6744		49.0	
6745		50.0	
6746		50.0	
6747		49.0	
6748		50.0	
6749		50.0	
6750		49.0	
6751		50.0	
6752		51.0	
6753		50.0	
6754		49.0	
6755		50.0	
6756		50.0	
6757		49.0	
6758		49.0	
6759		49.0	
6760		50.0	
6761		49.0	
6762		50.0	
6763		50.0	
6764		49.0	
6765		51.0	
6766		50.0	
6767		50.0	
6768		50.0	
6769		50.0	
6770		49.0	
6771		50.0	
6772		50.0	
6773		50.0	
6774		51.0	
6775		50.0	
6776		50.0	
6777		49.0	
6778		49.0	
6779		49.0	
6780		49.0	
6781		50.0	
6782		50.0	
6783		50.0	
6784		49.0	
6785		50.0	
6786		49.0	
6787		49.0	
6788		51.0	
6789		50.0	
6790		50.0	
6791		50.0	
6792		51.0	
6793		52.0	
6794		49.0	
6795		50.0	
6796		49.0	
6797		50.0	
6798		49.0	
6799		49.0	
6800		49.0	
6801		50.0	
6802		50.0	
6803		49.0	
6804		49.0	
6805		49.0	
6806		50.0	
6807		50.0	
6808		51.0	
6809		49.0	
6810		51.0	
6811		50.0	
6812		50.0	
6813		50.0	
6814		50.0	
6815		50.0	
6816		50.0	
6817		50.0	
6818		51.0	
6819		51.0	
6820		51.0	
6821		50.0	
6822		51.0	
6823		50.0	
6824		49.0	
6825		51.0	
6826		49.0	
6827		49.0	
6828		49.0	
6829		50.0	
6830		50.0	
6831		49.0	
6832		50.0	
6833		50.0	
6834		50.0	
6835		50.0	
6836		50.0	
6837		50.0	
6838		51.0	
6839		50.0	
6840		51.0	
6841		50.0	
6842		51.0	
6843		50.0	
6844		50.0	
6845		52.0	
6846		49.0	
6847		50.0	
6848		50.0	
6849		50.0	
6850		49.0	
6851		50.0	
6852		50.0	
6853		50.0	
6854		49.0	
6855		50.0	
6856		50.0	
6857		50.0	
6858		51.0	
6859		50.0	
6860		51.0	
6861		50.0	
6862		51.0	
6863		50.0	
6864		50.0	
6865		50.0	
6866		51.0	
6867		50.0	
6868		49.0	
6869		50.0	
6870		50.0	
6871		51.0	
6872		50.0	
6873		50.0	
6874		49.0	
6875		51.0	
6876		51.0	
6877		50.0	
6878		49.0	
6879		51.0	
6880		50.0	
6881		51.0	
6882		51.0	
6883		50.0	
6884		51.0	
6885		50.0	
6886		50.0	
6887		50.0	
6888		50.0	
6889		50.0	
6890		50.0	
6891		49.0	
6892		50.0	
6893		49.0	
6894		49.0	
6895		50.0	
6896		49.0	
6897		49.0	
6898		49.0	
6899		50.0	
6900		49.0	
6901		50.0	
6902		49.0	
6903		50.0	
6904		50.0	
6905		50.0	
6906		50.0	
6907		49.0	
6908		49.0	
6909		49.0	
6910		49.0	
6911		49.0	
6912		49.0	
6913		49.0	
6914		50.0	
6915		50.0	
6916		48.0	
6917		49.0	
6918		50.0	
6919		49.0	
6920		51.0	
6921		50.0	
6922		49.0	
6923		49.0	
6924		51.0	
6925		50.0	
6926		50.0	
6927		50.0	
6928		49.0	
6929		50.0	
6930		50.0	
6931		50.0	
6932		50.0	
6933		51.0	
6934		51.0	
6935		50.0	
6936		50.0	
6937		50.0	
6938		50.0	
6939		51.0	
6940		50.0	
6941		51.0	
6942		50.0	
6943		50.0	
6944		50.0	
6945		51.0	
6946		51.0	
6947		50.0	
6948		51.0	
6949		50.0	
6950		50.0	
6951		50.0	
6952		51.0	
6953		51.0	
6954		49.0	
6955		49.0	
6956		50.0	
6957		50.0	
6958		51.0	
6959		51.0	
6960		49.0	
6961		50.0	
6962		50.0	
6963		50.0	
6964		50.0	
6965		50.0	
6966		50.0	
6967		50.0	
6968		51.0	
6969		50.0	
6970		49.0	
6971		49.0	
6972		49.0	
6973		50.0	
6974		49.0	
6975		51.0	
6976		50.0	
6977		49.0	
6978		51.0	
6979		51.0	
6980		50.0	
6981		50.0	
6982		49.0	
6983		50.0	
6984		51.0	
6985		50.0	
6986		49.0	
6987		51.0	
6988		50.0	
6989		51.0	
6990		51.0	
6991		50.0	
6992		50.0	
6993		51.0	
6994		50.0	
6995		50.0	
6996		50.0	
6997		50.0	
6998		50.0	
6999		50.0	
7000		50.0	
7001		51.0	
7002		50.0	
7003		50.0	
7004		50.0	
7005		49.0	
7006		49.0	
7007		49.0	
7008		50.0	
7009		49.0	
7010		50.0	
7011		50.0	
7012		49.0	
7013		50.0	
7014		50.0	
7015		51.0	
7016		51.0	
7017		51.0	
7018		51.0	
7019		50.0	
7020		50.0	
7021		50.0	
7022		49.0	
7023		49.0	
7024		50.0	
7025		51.0	
7026		50.0	
7027		51.0	
7028		51.0	
7029		49.0	
7030		50.0	
7031		51.0	
7032		51.0	
7033		50.0	
7034		49.0	
7035		51.0	
7036		50.0	
7037		50.0	
7038		51.0	
7039		51.0	
7040		50.0	
7041		51.0	
7042		50.0	
7043		50.0	
7044		49.0	
7045		50.0	
7046		49.0	
7047		49.0	
7048		50.0	
7049		48.0	
7050		51.0	
7051		51.0	
7052		51.0	
7053		50.0	
7054		50.0	
7055		51.0	
7056		51.0	
7057		50.0	
7058		50.0	
7059		50.0	
7060		50.0	
7061		50.0	
7062		49.0	
7063		50.0	
7064		49.0	
7065		49.0	
7066		49.0	
7067		49.0	
7068		51.0	
7069		51.0	
7070		50.0	
7071		50.0	
7072		50.0	
7073		50.0	
7074		49.0	
7075		50.0	
7076		49.0	
7077		50.0	
7078		51.0	
7079		51.0	
7080		50.0	
7081		50.0	
7082		49.0	
7083		51.0	
7084		51.0	
7085		51.0	
7086		51.0	
7087		50.0	
7088		50.0	
7089		51.0	
7090		50.0	
7091		50.0	
7092		50.0	
7093		50.0	
7094		51.0	
7095		50.0	
7096		49.0	
7097		50.0	
7098		49.0	
7099		50.0	
7100		50.0	
7101		50.0	
7102		50.0	
7103		50.0	
7104		50.0	
7105		50.0	
7106		50.0	
7107		50.0	
7108		50.0	
7109		49.0	
7110		50.0	
7111		50.0	
7112		49.0	
7113		50.0	
7114		50.0	
7115		50.0	
7116		50.0	
7117		51.0	
7118		51.0	
7119		50.0	
7120		50.0	
7121		50.0	
7122		49.0	
7123		50.0	
7124		51.0	
7125		49.0	
7126		50.0	
7127		50.0	
7128		50.0	
7129		50.0	
7130		51.0	
7131		50.0	
7132		51.0	
7133		50.0	
7134		49.0	
7135		49.0	
7136		50.0	
7137		50.0	
7138		51.0	
7139		50.0	
7140		50.0	
7141		49.0	
7142		50.0	
7143		51.0	
7144		51.0	
7145		51.0	
7146		50.0	
7147		51.0	
7148		50.0	
7149		50.0	
7150		50.0	
7151		50.0	
7152		50.0	
7153		49.0	
7154		50.0	
7155		50.0	
7156		50.0	
7157		50.0	
7158		50.0	
7159		49.0	
7160		49.0	
7161		50.0	
7162		50.0	
7163		49.0	
7164		50.0	
7165		50.0	
7166		50.0	
7167		50.0	
7168		49.0	
7169		49.0	
7170		49.0	
7171		50.0	
7172		50.0	
7173		50.0	
7174		49.0	
7175		50.0	
7176		49.0	
7177		50.0	
7178		50.0	
7179		50.0	
7180		50.0	
7181		50.0	
7182		50.0	
7183		50.0	
7184		50.0	
7185		51.0	
7186		50.0	
7187		50.0	
7188		51.0	
7189		49.0	
7190		51.0	
7191		51.0	
7192		51.0	
7193		51.0	
7194		51.0	
7195		50.0	
7196		50.0	
7197		50.0	
7198		50.0	
7199		51.0	
7200		50.0	
7201		50.0	
7202		51.0	
7203		50.0	
7204		50.0	
7205		50.0	
7206		49.0	
7207		49.0	
7208		51.0	
7209		50.0	
7210		50.0	
7211		50.0	
7212		50.0	
7213		50.0	
7214		52.0	
7215		51.0	
7216		50.0	
7217		50.0	
7218		51.0	
7219		50.0	
7220		50.0	
7221		50.0	
7222		50.0	
7223		50.0	
7224		50.0	
7225		50.0	
7226		51.0	
7227		51.0	
7228		49.0	
7229		50.0	
7230		50.0	
7231		51.0	
7232		51.0	
7233		50.0	
7234		50.0	
7235		50.0	
7236		49.0	
7237		50.0	
7238		49.0	
7239		50.0	
7240		49.0	
7241		49.0	
7242		50.0	
7243		51.0	
7244		50.0	
7245		50.0	
7246		50.0	
7247		50.0	
7248		50.0	
7249		51.0	
7250		50.0	
7251		50.0	
7252		50.0	
7253		50.0	
7254		49.0	
7255		50.0	
7256		49.0	
7257		49.0	
7258		49.0	
7259		50.0	
7260		50.0	
7261		50.0	
7262		49.0	
7263		51.0	
7264		50.0	
7265		50.0	
7266		51.0	
7267		49.0	
7268		50.0	
7269		50.0	
7270		49.0	
7271		50.0	
7272		49.0	
7273		50.0	
7274		50.0	
7275		50.0	
7276		51.0	
7277		50.0	
7278		50.0	
7279		49.0	
7280		50.0	
7281		50.0	
7282		50.0	
7283		49.0	
7284		51.0	
7285		49.0	
7286		50.0	
7287		50.0	
7288		50.0	
7289		49.0	
7290		50.0	
7291		50.0	
7292		50.0	
7293		50.0	
7294		50.0	
7295		50.0	
7296		50.0	
7297		49.0	
7298		51.0	
7299		51.0	
7300		49.0	
7301		50.0	
7302		50.0	
7303		51.0	
7304		50.0	
7305		50.0	
7306		51.0	
7307		50.0	
7308		50.0	
7309		49.0	
7310		50.0	
7311		49.0	
7312		49.0	
7313		49.0	
7314		50.0	
7315		50.0	
7316		50.0	
7317		50.0	
7318		50.0	
7319		50.0	
7320		49.0	
7321		49.0	
7322		49.0	
7323		50.0	
7324		49.0	
7325		49.0	
7326		49.0	
7327		50.0	
7328		50.0	
7329		49.0	
7330		50.0	
7331		51.0	
7332		51.0	
7333		51.0	
7334		49.0	
7335		50.0	
7336		51.0	
7337		49.0	
7338		51.0	
7339		50.0	
7340		49.0	
7341		49.0	
7342		50.0	
7343		51.0	
7344		50.0	
7345		50.0	
7346		50.0	
7347		50.0	
7348		50.0	
7349		51.0	
7350		49.0	
7351		50.0	
7352		50.0	
7353		50.0	
7354		49.0	
7355		49.0	
7356		51.0	
7357		50.0	
7358		50.0	
7359		50.0	
7360		49.0	
7361		49.0	
7362		50.0	
7363		50.0	
7364		49.0	
7365		49.0	
7366		50.0	
7367		50.0	
7368		50.0	
7369		49.0	
7370		50.0	
7371		50.0	
7372		50.0	
7373		50.0	
7374		49.0	
7375		49.0	
7376		50.0	
7377		50.0	
7378		50.0	
7379		50.0	
7380		50.0	
7381		49.0	
7382		50.0	
7383		50.0	
7384		50.0	
7385		50.0	
7386		50.0	
7387		50.0	
7388		50.0	
7389		50.0	
7390		48.0	
7391		50.0	
7392		49.0	
7393		49.0	
7394		49.0	
7395		51.0	
7396		50.0	
7397		49.0	
7398		49.0	
7399		50.0	
7400		51.0	
7401		50.0	
7402		50.0	
7403		50.0	
7404		48.0	
7405		49.0	
7406		49.0	
7407		49.0	
7408		49.0	
7409		49.0	
7410		49.0	
7411		50.0	
7412		49.0	
7413		49.0	
7414		49.0	
7415		49.0	
7416		50.0	
7417		50.0	
7418		49.0	
7419		49.0	
7420		49.0	
7421		49.0	
7422		49.0	
7423		49.0	
7424		50.0	
7425		49.0	
7426		49.0	
7427		50.0	
7428		50.0	
7429		50.0	
7430		49.0	
7431		49.0	
7432		49.0	
7433		50.0	
7434		50.0	
7435		49.0	
7436		49.0	
7437		49.0	
7438		50.0	
7439		49.0	
7440		50.0	
7441		49.0	
7442		49.0	
7443		49.0	
7444		49.0	
7445		50.0	
7446		49.0	
7447		50.0	
7448		49.0	
7449		49.0	
7450		51.0	
7451		50.0	
7452		51.0	
7453		50.0	
7454		50.0	
7455		50.0	
7456		50.0	
7457		50.0	
7458		49.0	
7459		51.0	
7460		49.0	
7461		50.0	
7462		49.0	
7463		51.0	
7464		49.0	
7465		50.0	
7466		50.0	
7467		50.0	
7468		51.0	
7469		50.0	
7470		49.0	
7471		50.0	
7472		49.0	
7473		49.0	
7474		49.0	
7475		49.0	
7476		50.0	
7477		49.0	
7478		50.0	
7479		49.0	
7480		49.0	
7481		49.0	
7482		49.0	
7483		50.0	
7484		49.0	
7485		49.0	
7486		50.0	
7487		49.0	
7488		49.0	
7489		50.0	
7490		50.0	
7491		50.0	
7492		50.0	
7493		49.0	
7494		49.0	
7495		49.0	
7496		49.0	
7497		49.0	
7498		50.0	
7499		50.0	
7500		49.0	
7501		49.0	
7502		50.0	
7503		49.0	
7504		50.0	
7505		50.0	
7506		50.0	
7507		50.0	
7508		50.0	
7509		50.0	
7510		49.0	
7511		49.0	
7512		49.0	
7513		49.0	
7514		50.0	
7515		50.0	
7516		50.0	
7517		51.0	
7518		49.0	
7519		50.0	
7520		50.0	
7521		51.0	
7522		49.0	
7523		51.0	
7524		50.0	
7525		50.0	
7526		50.0	
7527		49.0	
7528		49.0	
7529		50.0	
7530		49.0	
7531		50.0	
7532		49.0	
7533		49.0	
7534		50.0	
7535		50.0	
7536		50.0	
7537		50.0	
7538		49.0	
7539		49.0	
7540		50.0	
7541		50.0	
7542		49.0	
7543		49.0	
7544		49.0	
7545		50.0	
7546		49.0	
7547		50.0	
7548		50.0	
7549		50.0	
7550		49.0	
7551		50.0	
7552		50.0	
7553		50.0	
7554		50.0	
7555		50.0	
7556		51.0	
7557		50.0	
7558		51.0	
7559		49.0	
7560		50.0	
7561		50.0	
7562		49.0	
7563		51.0	
7564		49.0	
7565		50.0	
7566		49.0	
7567		49.0	
7568		50.0	
7569		50.0	
7570		50.0	
7571		51.0	
7572		50.0	
7573		49.0	
7574		50.0	
7575		50.0	
7576		49.0	
7577		50.0	
7578		50.0	
7579		50.0	
7580		49.0	
7581		50.0	
7582		50.0	
7583		51.0	
7584		50.0	
7585		50.0	
7586		49.0	
7587		51.0	
7588		50.0	
7589		49.0	
7590		50.0	
7591		49.0	
7592		50.0	
7593		50.0	
7594		50.0	
7595		49.0	
7596		49.0	
7597		50.0	
7598		50.0	
7599		51.0	
7600		50.0	
7601		51.0	
7602		50.0	
7603		50.0	
7604		49.0	
7605		50.0	
7606		49.0	
7607		50.0	
7608		50.0	
7609		49.0	
7610		50.0	
7611		51.0	
7612		50.0	
7613		51.0	
7614		49.0	
7615		49.0	
7616		48.0	
7617		49.0	
7618		49.0	
7619		50.0	
7620		50.0	
7621		49.0	
7622		49.0	
7623		49.0	
7624		50.0	
7625		50.0	
7626		51.0	
7627		49.0	
7628		49.0	
7629		50.0	
7630		49.0	
7631		50.0	
7632		50.0	
7633		49.0	
7634		49.0	
7635		49.0	
7636		50.0	
7637		49.0	
7638		50.0	
7639		49.0	
7640		50.0	
7641		50.0	
7642		51.0	
7643		50.0	
7644		50.0	
7645		50.0	
7646		50.0	
7647		49.0	
7648		49.0	
7649		49.0	
7650		49.0	
7651		49.0	
7652		49.0	
7653		50.0	
7654		50.0	
7655		50.0	
7656		50.0	
7657		49.0	
7658		50.0	
7659		48.0	
7660		50.0	
7661		49.0	
7662		50.0	
7663		50.0	
7664		49.0	
7665		50.0	
7666		49.0	
7667		49.0	
7668		50.0	
7669		50.0	
7670		50.0	
7671		51.0	
7672		49.0	
7673		50.0	
7674		50.0	
7675		49.0	
7676		49.0	
7677		50.0	
7678		50.0	
7679		50.0	
7680		50.0	
7681		50.0	
7682		50.0	
7683		48.0	
7684		49.0	
7685		50.0	
7686		50.0	
7687		50.0	
7688		50.0	
7689		51.0	
7690		49.0	
7691		50.0	
7692		51.0	
7693		50.0	
7694		50.0	
7695		51.0	
7696		50.0	
7697		51.0	
7698		51.0	
7699		50.0	
7700		50.0	
7701		51.0	
7702		50.0	
7703		50.0	
7704		51.0	
7705		50.0	
7706		49.0	
7707		50.0	
7708		50.0	
7709		50.0	
7710		50.0	
7711		50.0	
7712		50.0	
7713		49.0	
7714		50.0	
7715		50.0	
7716		50.0	
7717		50.0	
7718		50.0	
7719		50.0	
7720		50.0	
7721		49.0	
7722		50.0	
7723		50.0	
7724		51.0	
7725		50.0	
7726		50.0	
7727		50.0	
7728		50.0	
7729		50.0	
7730		51.0	
7731		50.0	
7732		50.0	
7733		50.0	
7734		50.0	
7735		50.0	
7736		51.0	
7737		49.0	
7738		50.0	
7739		51.0	
7740		50.0	
7741		50.0	
7742		50.0	
7743		50.0	
7744		50.0	
7745		51.0	
7746		50.0	
7747		51.0	
7748		51.0	
7749		49.0	
7750		50.0	
7751		49.0	
7752		49.0	
7753		50.0	
7754		51.0	
7755		49.0	
7756		50.0	
7757		50.0	
7758		49.0	
7759		50.0	
7760		49.0	
7761		50.0	
7762		51.0	
7763		51.0	
7764		50.0	
7765		50.0	
7766		50.0	
7767		51.0	
7768		50.0	
7769		50.0	
7770		50.0	
7771		51.0	
7772		51.0	
7773		50.0	
7774		50.0	
7775		49.0	
7776		50.0	
7777		50.0	
7778		49.0	
7779		50.0	
7780		50.0	
7781		50.0	
7782		50.0	
7783		49.0	
7784		50.0	
7785		50.0	
7786		50.0	
7787		51.0	
7788		49.0	
7789		50.0	
7790		50.0	
7791		50.0	
7792		50.0	
7793		50.0	
7794		50.0	
7795		50.0	
7796		50.0	
7797		49.0	
7798		49.0	
7799		49.0	
7800		50.0	
7801		48.0	
7802		49.0	
7803		50.0	
7804		51.0	
7805		50.0	
7806		51.0	
7807		50.0	
7808		49.0	
7809		49.0	
7810		50.0	
7811		50.0	
7812		49.0	
7813		50.0	
7814		50.0	
7815		49.0	
7816		49.0	
7817		49.0	
7818		49.0	
7819		49.0	
7820		49.0	
7821		50.0	
7822		50.0	
7823		49.0	
7824		49.0	
7825		48.0	
7826		50.0	
7827		50.0	
7828		49.0	
7829		49.0	
7830		50.0	
7831		50.0	
7832		49.0	
7833		50.0	
7834		49.0	
7835		49.0	
7836		49.0	
7837		49.0	
7838		50.0	
7839		50.0	
7840		51.0	
7841		50.0	
7842		50.0	
7843		50.0	
7844		50.0	
7845		49.0	
7846		49.0	
7847		50.0	
7848		51.0	
7849		50.0	
7850		49.0	
7851		51.0	
7852		50.0	
7853		49.0	
7854		50.0	
7855		49.0	
7856		50.0	
7857		50.0	
7858		50.0	
7859		49.0	
7860		51.0	
7861		50.0	
7862		51.0	
7863		50.0	
7864		49.0	
7865		50.0	
7866		50.0	
7867		50.0	
7868		49.0	
7869		50.0	
7870		49.0	
7871		49.0	
7872		49.0	
7873		49.0	
7874		51.0	
7875		49.0	
7876		49.0	
7877		50.0	
7878		50.0	
7879		50.0	
7880		50.0	
7881		49.0	
7882		49.0	
7883		48.0	
7884		50.0	
7885		49.0	
7886		50.0	
7887		50.0	
7888		50.0	
7889		50.0	
7890		50.0	
7891		49.0	
7892		50.0	
7893		49.0	
7894		50.0	
7895		50.0	
7896		50.0	
7897		49.0	
7898		49.0	
7899		50.0	
7900		50.0	
7901		50.0	
7902		50.0	
7903		50.0	
7904		50.0	
7905		50.0	
7906		50.0	
7907		50.0	
7908		50.0	
7909		50.0	
7910		50.0	
7911		49.0	
7912		50.0	
7913		50.0	
7914		51.0	
7915		50.0	
7916		50.0	
7917		50.0	
7918		50.0	
7919		49.0	
7920		50.0	
7921		50.0	
7922		50.0	
7923		50.0	
7924		50.0	
7925		49.0	
7926		49.0	
7927		50.0	
7928		49.0	
7929		51.0	
7930		49.0	
7931		50.0	
7932		49.0	
7933		50.0	
7934		49.0	
7935		50.0	
7936		50.0	
7937		50.0	
7938		51.0	
7939		51.0	
7940		50.0	
7941		50.0	
7942		49.0	
7943		50.0	
7944		50.0	
7945		51.0	
7946		51.0	
7947		51.0	
7948		50.0	
7949		50.0	
7950		50.0	
7951		51.0	
7952		51.0	
7953		50.0	
7954		50.0	
7955		51.0	
7956		50.0	
7957		51.0	
7958		51.0	
7959		51.0	
7960		51.0	
7961		50.0	
7962		51.0	
7963		50.0	
7964		50.0	
7965		51.0	
7966		51.0	
7967		51.0	
7968		49.0	
7969		51.0	
7970		51.0	
7971		51.0	
7972		50.0	
7973		50.0	
7974		50.0	
7975		51.0	
7976		50.0	
7977		50.0	
7978		51.0	
7979		50.0	
7980		50.0	
7981		50.0	
7982		50.0	
7983		49.0	
7984		50.0	
7985		51.0	
7986		49.0	
7987		49.0	
7988		50.0	
7989		50.0	
7990		51.0	
7991		51.0	
7992		51.0	
7993		50.0	
7994		51.0	
7995		51.0	
7996		50.0	
7997		50.0	
7998		51.0	
7999		50.0	
8000		50.0	
8001		50.0	
8002		50.0	
8003		52.0	
8004		50.0	
8005		50.0	
8006		50.0	
8007		51.0	
8008		49.0	
8009		51.0	
8010		50.0	
8011		51.0	
8012		51.0	
8013		50.0	
8014		51.0	
8015		50.0	
8016		50.0	
8017		50.0	
8018		50.0	
8019		51.0	
8020		51.0	
8021		51.0	
8022		52.0	
8023		53.0	
8024		53.0	
8025		53.0	
8026		55.0	
8027		54.0	
8028		55.0	
8029		56.0	
8030		56.0	
8031		56.0	
8032		56.0	
8033		56.0	
8034		57.0	
8035		57.0	
8036		57.0	
8037		56.0	
8038		57.0	
8039		58.0	
8040		58.0	
8041		58.0	
8042		59.0	
8043		58.0	
8044		59.0	
8045		58.0	
8046		57.0	
8047		56.0	
8048		54.0	
8049		54.0	
8050		54.0	
8051		54.0	
8052		53.0	
8053		53.0	
8054		53.0	
8055		53.0	
8056		54.0	
8057		53.0	
8058		53.0	
8059		53.0	
8060		53.0	
8061		53.0	
8062		52.0	
8063		52.0	
8064		52.0	
8065		53.0	
8066		53.0	
8067		53.0	
8068		52.0	
8069		52.0	
8070		52.0	
8071		52.0	
8072		52.0	
8073		51.0	
8074		52.0	
8075		52.0	
8076		52.0	
8077		52.0	
8078		52.0	
8079		52.0	
8080		52.0	
8081		52.0	
8082		52.0	
8083		51.0	
8084		51.0	
8085		52.0	
8086		52.0	
8087		52.0	
8088		51.0	
8089		53.0	
8090		51.0	
8091		51.0	
8092		51.0	
8093		51.0	
8094		52.0	
8095		51.0	
8096		51.0	
8097		50.0	
8098		51.0	
8099		51.0	
8100		52.0	
8101		52.0	
8102		52.0	
8103		52.0	
8104		51.0	
8105		52.0	
8106		51.0	
8107		51.0	
8108		51.0	
8109		50.0	
8110		51.0	
8111		51.0	
8112		51.0	
8113		51.0	
8114		52.0	
8115		51.0	
8116		51.0	
8117		52.0	
8118		51.0	
8119		51.0	
8120		50.0	
8121		51.0	
8122		50.0	
8123		50.0	
8124		50.0	
8125		51.0	
8126		50.0	
8127		50.0	
8128		50.0	
8129		51.0	
8130		51.0	
8131		51.0	
8132		51.0	
8133		51.0	
8134		51.0	
8135		50.0	
8136		51.0	
8137		50.0	
8138		51.0	
8139		51.0	
8140		51.0	
8141		52.0	
8142		51.0	
8143		51.0	
8144		49.0	
8145		49.0	
8146		51.0	
8147		49.0	
8148		49.0	
8149		51.0	
8150		50.0	
8151		51.0	
8152		51.0	
8153		52.0	
8154		50.0	
8155		51.0	
8156		51.0	
8157		51.0	
8158		50.0	
8159		51.0	
8160		51.0	
8161		49.0	
8162		49.0	
8163		49.0	
8164		49.0	
8165		50.0	
8166		50.0	
8167		50.0	
8168		50.0	
8169		50.0	
8170		51.0	
8171		50.0	
8172		50.0	
8173		50.0	
8174		49.0	
8175		50.0	
8176		51.0	
8177		49.0	
8178		50.0	
8179		51.0	
8180		51.0	
8181		51.0	
8182		51.0	
8183		53.0	
8184		53.0	
8185		52.0	
8186		54.0	
8187		53.0	
8188		53.0	
8189		54.0	
8190		53.0	
8191		53.0	
8192		53.0	
8193		54.0	
8194		54.0	
8195		53.0	
8196		54.0	
8197		53.0	
8198		54.0	
8199		54.0	
8200		54.0	
8201		54.0	
8202		53.0	
8203		53.0	
8204		52.0	
8205		52.0	
8206		52.0	
8207		51.0	
8208		52.0	
8209		51.0	
8210		51.0	
8211		51.0	
8212		52.0	
8213		51.0	
8214		52.0	
8215		50.0	
8216		50.0	
8217		51.0	
8218		51.0	
8219		51.0	
8220		52.0	
8221		50.0	
8222		51.0	
8223		50.0	
8224		51.0	
8225		51.0	
8226		52.0	
8227		51.0	
8228		52.0	
8229		51.0	
8230		51.0	
8231		50.0	
8232		51.0	
8233		51.0	
8234		51.0	
8235		51.0	
8236		51.0	
8237		50.0	
8238		50.0	
8239		51.0	
8240		51.0	
8241		51.0	
8242		51.0	
8243		50.0	
8244		51.0	
8245		51.0	
8246		52.0	
8247		51.0	
8248		51.0	
8249		52.0	
8250		51.0	
8251		51.0	
8252		50.0	
8253		51.0	
8254		51.0	
8255		51.0	
8256		51.0	
8257		52.0	
8258		51.0	
8259		50.0	
8260		51.0	
8261		52.0	
8262		52.0	
8263		52.0	
8264		52.0	
8265		53.0	
8266		52.0	
8267		52.0	
8268		52.0	
8269		51.0	
8270		51.0	
8271		51.0	
8272		51.0	
8273		51.0	
8274		50.0	
8275		52.0	
8276		52.0	
8277		52.0	
8278		51.0	
8279		50.0	
8280		51.0	
8281		51.0	
8282		51.0	
8283		50.0	
8284		51.0	
8285		51.0	
8286		51.0	
8287		51.0	
8288		51.0	
8289		50.0	
8290		50.0	
8291		50.0	
8292		49.0	
8293		50.0	
8294		51.0	
8295		50.0	
8296		50.0	
8297		50.0	
8298		50.0	
8299		50.0	
8300		50.0	
8301		51.0	
8302		50.0	
8303		51.0	
8304		51.0	
8305		51.0	
8305		50.0
